NC_058368.1_116528275_116528466_Felis_catus,1.9557,2.5441,0.7795,342
OffNeg_NC_058368.1_116528275_116528466_Felis_catus,1.7437,2.3875,0.7630,342
OffPos_NC_058368.1_116528275_116528466_Felis_catus,1.8064,2.4264,0.7846,342
Shuf_NC_058368.1_116528275_116528466_Felis_catus,1.7982,2.4080,0.7807,342
NC_058368.1_172166056_172166220_Felis_catus,1.8473,2.5066,0.7773,315
OffNeg_NC_058368.1_172166056_172166220_Felis_catus,1.8494,2.4612,0.7721,315
OffPos_NC_058368.1_172166056_172166220_Felis_catus,1.7330,2.3425,0.7889,315
Shuf_NC_058368.1_172166056_172166220_Felis_catus,1.7820,2.3775,0.7952,315
NC_058368.1_208424642_208424545_Felis_catus,1.8288,2.4131,0.7771,248
OffNeg_NC_058368.1_208424642_208424545_Felis_catus,1.7764,2.3847,0.7729,248
OffPos_NC_058368.1_208424642_208424545_Felis_catus,1.8873,2.4862,0.7770,248
Shuf_NC_058368.1_208424642_208424545_Felis_catus,1.7262,2.3472,0.7678,248
NC_058369.1_15588874_15588968_Felis_catus,1.7147,2.3081,0.7773,245
OffNeg_NC_058369.1_15588874_15588968_Felis_catus,1.8043,2.4446,0.7483,245
OffPos_NC_058369.1_15588874_15588968_Felis_catus,1.7843,2.4002,0.7573,245
Shuf_NC_058369.1_15588874_15588968_Felis_catus,1.8870,2.4848,0.7750,245
NC_058369.1_16281671_16281504_Felis_catus,1.7351,2.3738,0.7588,318
OffNeg_NC_058369.1_16281671_16281504_Felis_catus,1.8789,2.4742,0.7872,318
OffPos_NC_058369.1_16281671_16281504_Felis_catus,1.8626,2.4736,0.7802,318
Shuf_NC_058369.1_16281671_16281504_Felis_catus,1.8737,2.4860,0.7896,318
NC_058369.1_21060612_21060714_Felis_catus,1.8708,2.4548,0.7801,253
OffNeg_NC_058369.1_21060612_21060714_Felis_catus,1.7628,2.3746,0.7688,253
OffPos_NC_058369.1_21060612_21060714_Felis_catus,1.7881,2.3955,0.7629,253
Shuf_NC_058369.1_21060612_21060714_Felis_catus,1.8944,2.4824,0.8013,253
NC_058369.1_53680116_53679988_Felis_catus,1.8197,2.4321,0.7721,279
OffNeg_NC_058369.1_53680116_53679988_Felis_catus,1.8103,2.4041,0.7930,279
OffPos_NC_058369.1_53680116_53679988_Felis_catus,1.8709,2.4745,0.7835,279
Shuf_NC_058369.1_53680116_53679988_Felis_catus,1.7858,2.4037,0.7672,279
NC_058370.1_29451270_29451137_Felis_catus,1.7754,2.3899,0.7687,284
OffNeg_NC_058370.1_29451270_29451137_Felis_catus,1.8075,2.4014,0.7726,284
OffPos_NC_058370.1_29451270_29451137_Felis_catus,1.7987,2.4094,0.7761,284
Shuf_NC_058370.1_29451270_29451137_Felis_catus,1.8237,2.4230,0.7982,284
NC_058370.1_29549974_29549794_Felis_catus,1.8833,2.4932,0.7794,331
OffNeg_NC_058370.1_29549974_29549794_Felis_catus,1.7293,2.3337,0.7931,331
OffPos_NC_058370.1_29549974_29549794_Felis_catus,1.8392,2.4763,0.7917,331
Shuf_NC_058370.1_29549974_29549794_Felis_catus,1.8269,2.4092,0.8072,331
NC_058370.1_66505356_66505540_Felis_catus,1.8946,2.5046,0.7929,335
OffNeg_NC_058370.1_66505356_66505540_Felis_catus,1.8919,2.5199,0.7769,335
OffPos_NC_058370.1_66505356_66505540_Felis_catus,1.8256,2.4125,0.7967,335
Shuf_NC_058370.1_66505356_66505540_Felis_catus,1.8293,2.4504,0.7835,335
NC_058371.1_113046269_113046120_Felis_catus,1.7190,2.3383,0.7840,300
OffNeg_NC_058371.1_113046269_113046120_Felis_catus,1.7415,2.3873,0.7279,300
OffPos_NC_058371.1_113046269_113046120_Felis_catus,1.8275,2.4581,0.7785,300
Shuf_NC_058371.1_113046269_113046120_Felis_catus,1.9026,2.5160,0.7886,300
NC_058371.1_172687847_172687745_Felis_catus,1.8773,2.4781,0.7892,253
OffNeg_NC_058371.1_172687847_172687745_Felis_catus,1.8652,2.4434,0.7755,253
OffPos_NC_058371.1_172687847_172687745_Felis_catus,1.8638,2.4286,0.8067,253
Shuf_NC_058371.1_172687847_172687745_Felis_catus,1.7976,2.4033,0.7843,253
NC_058371.1_184811454_184811280_Felis_catus,1.8910,2.4791,0.8040,325
OffNeg_NC_058371.1_184811454_184811280_Felis_catus,1.7487,2.3728,0.7720,325
OffPos_NC_058371.1_184811454_184811280_Felis_catus,1.8291,2.4422,0.7897,325
Shuf_NC_058371.1_184811454_184811280_Felis_catus,1.8858,2.5285,0.7499,325
NC_058371.1_58657020_58656939_Felis_catus,1.7419,2.3460,0.7692,232
OffNeg_NC_058371.1_58657020_58656939_Felis_catus,1.8181,2.4315,0.7472,232
OffPos_NC_058371.1_58657020_58656939_Felis_catus,1.8332,2.4599,0.7569,232
Shuf_NC_058371.1_58657020_58656939_Felis_catus,1.8931,2.4713,0.7947,232
NC_058372.1_151655498_151655579_Felis_catus,1.8176,2.4291,0.7887,232
OffNeg_NC_058372.1_151655498_151655579_Felis_catus,1.7191,2.3378,0.7588,232
OffPos_NC_058372.1_151655498_151655579_Felis_catus,1.8210,2.4353,0.7664,232
Shuf_NC_058372.1_151655498_151655579_Felis_catus,1.8360,2.4267,0.7859,232
NC_058372.1_1995251_1995369_Felis_catus,1.7311,2.3386,0.7821,269
OffNeg_NC_058372.1_1995251_1995369_Felis_catus,1.8933,2.5143,0.7757,269
OffPos_NC_058372.1_1995251_1995369_Felis_catus,1.7469,2.3692,0.7621,269
Shuf_NC_058372.1_1995251_1995369_Felis_catus,1.8801,2.4712,0.7870,269
NC_058372.1_80164392_80164275_Felis_catus,1.9155,2.5129,0.7874,268
OffNeg_NC_058372.1_80164392_80164275_Felis_catus,1.7466,2.3803,0.7537,268
OffPos_NC_058372.1_80164392_80164275_Felis_catus,1.8869,2.4957,0.7802,268
Shuf_NC_058372.1_80164392_80164275_Felis_catus,1.8828,2.4975,0.7720,268
NC_058373.1_1393053_1392945_Felis_catus,1.7697,2.3819,0.7749,259
OffNeg_NC_058373.1_1393053_1392945_Felis_catus,1.8374,2.4505,0.7859,259
OffPos_NC_058373.1_1393053_1392945_Felis_catus,1.8445,2.4584,0.7765,259
Shuf_NC_058373.1_1393053_1392945_Felis_catus,1.8771,2.4730,0.7686,259
NC_058373.1_36084935_36084838_Felis_catus,1.8294,2.4098,0.7866,248
OffNeg_NC_058373.1_36084935_36084838_Felis_catus,1.8919,2.4599,0.8020,248
OffPos_NC_058373.1_36084935_36084838_Felis_catus,1.7691,2.3456,0.7996,248
Shuf_NC_058373.1_36084935_36084838_Felis_catus,1.8813,2.4763,0.7794,248
NC_058373.1_73818294_73818015_Felis_catus,1.8930,2.5285,0.8103,430
OffNeg_NC_058373.1_73818294_73818015_Felis_catus,1.8016,2.4431,0.7885,430
OffPos_NC_058373.1_73818294_73818015_Felis_catus,1.8490,2.5033,0.7782,430
Shuf_NC_058373.1_73818294_73818015_Felis_catus,1.7907,2.4355,0.7749,430
NC_058374.1_103628592_103628739_Felis_catus,1.8735,2.4638,0.7948,298
OffNeg_NC_058374.1_103628592_103628739_Felis_catus,1.7557,2.3725,0.7670,298
OffPos_NC_058374.1_103628592_103628739_Felis_catus,1.8658,2.4737,0.7788,298
Shuf_NC_058374.1_103628592_103628739_Felis_catus,1.8134,2.4500,0.7743,298
NC_058374.1_67950828_67950947_Felis_catus,1.7763,2.3690,0.7961,270
OffNeg_NC_058374.1_67950828_67950947_Felis_catus,1.8006,2.4089,0.7877,270
OffPos_NC_058374.1_67950828_67950947_Felis_catus,1.8759,2.4582,0.7992,270
Shuf_NC_058374.1_67950828_67950947_Felis_catus,1.8306,2.4250,0.7758,270
NC_058374.1_78705628_78705997_Felis_catus,1.8552,2.5372,0.7833,520
OffNeg_NC_058374.1_78705628_78705997_Felis_catus,1.8465,2.5283,0.7986,520
OffPos_NC_058374.1_78705628_78705997_Felis_catus,1.7592,2.4342,0.7652,520
Shuf_NC_058374.1_78705628_78705997_Felis_catus,1.8005,2.4639,0.7810,520
NC_058375.1_11733098_11732912_Felis_catus,1.7463,2.3667,0.7784,337
OffNeg_NC_058375.1_11733098_11732912_Felis_catus,1.7981,2.4483,0.7535,337
OffPos_NC_058375.1_11733098_11732912_Felis_catus,1.8557,2.4578,0.8032,337
Shuf_NC_058375.1_11733098_11732912_Felis_catus,1.8142,2.4689,0.7975,337
NC_058375.1_77365515_77365426_Felis_catus,1.8768,2.4533,0.7837,240
OffNeg_NC_058375.1_77365515_77365426_Felis_catus,1.7447,2.3758,0.7639,240
OffPos_NC_058375.1_77365515_77365426_Felis_catus,1.8615,2.4534,0.7740,240
Shuf_NC_058375.1_77365515_77365426_Felis_catus,1.8826,2.4839,0.7806,240
NC_058376.1_151800662_151800767_Felis_catus,1.7921,2.4395,0.7807,256
OffNeg_NC_058376.1_151800662_151800767_Felis_catus,1.8390,2.4282,0.7890,256
OffPos_NC_058376.1_151800662_151800767_Felis_catus,1.8982,2.4844,0.7806,256
Shuf_NC_058376.1_151800662_151800767_Felis_catus,1.7472,2.3507,0.7778,256
NC_058376.1_3300723_3300867_Felis_catus,1.7667,2.3989,0.7723,295
OffNeg_NC_058376.1_3300723_3300867_Felis_catus,1.7931,2.4041,0.7756,295
OffPos_NC_058376.1_3300723_3300867_Felis_catus,1.8242,2.4499,0.7668,295
Shuf_NC_058376.1_3300723_3300867_Felis_catus,1.8199,2.4373,0.7721,295
NC_058377.1_103612669_103611721_Felis_catus,1.8638,2.6025,0.8560,1099
OffNeg_NC_058377.1_103612669_103611721_Felis_catus,1.8533,2.6202,0.8251,1099
OffPos_NC_058377.1_103612669_103611721_Felis_catus,1.8561,2.6083,0.8305,1099
Shuf_NC_058377.1_103612669_103611721_Felis_catus,1.9336,2.7065,0.8319,1099
NC_058377.1_108837965_108837814_Felis_catus,1.8822,2.4904,0.7814,302
OffNeg_NC_058377.1_108837965_108837814_Felis_catus,1.7991,2.4122,0.7790,302
OffPos_NC_058377.1_108837965_108837814_Felis_catus,1.7458,2.3681,0.7727,302
Shuf_NC_058377.1_108837965_108837814_Felis_catus,1.8833,2.4715,0.8104,302
NC_058377.1_109305745_109305865_Felis_catus,1.7891,2.4223,0.7515,271
OffNeg_NC_058377.1_109305745_109305865_Felis_catus,1.8599,2.4563,0.7812,271
OffPos_NC_058377.1_109305745_109305865_Felis_catus,1.8206,2.4210,0.7775,271
Shuf_NC_058377.1_109305745_109305865_Felis_catus,1.8712,2.4856,0.7685,271
NC_058377.1_25633978_25634182_Felis_catus,1.8581,2.4481,0.8169,355
OffNeg_NC_058377.1_25633978_25634182_Felis_catus,1.8653,2.5288,0.8081,355
OffPos_NC_058377.1_25633978_25634182_Felis_catus,1.8113,2.4274,0.7885,355
Shuf_NC_058377.1_25633978_25634182_Felis_catus,1.8921,2.4926,0.8010,355
NC_058377.1_54477174_54477318_Felis_catus,1.7993,2.4329,0.7655,295
OffNeg_NC_058377.1_54477174_54477318_Felis_catus,1.8388,2.4716,0.7645,295
OffPos_NC_058377.1_54477174_54477318_Felis_catus,1.7509,2.3668,0.7708,295
Shuf_NC_058377.1_54477174_54477318_Felis_catus,1.8915,2.4871,0.7874,295
NC_058377.1_60701145_60700182_Felis_catus,1.8194,2.6048,0.8234,1114
OffNeg_NC_058377.1_60701145_60700182_Felis_catus,1.8554,2.6332,0.8151,1114
OffPos_NC_058377.1_60701145_60700182_Felis_catus,1.8753,2.6081,0.8635,1114
Shuf_NC_058377.1_60701145_60700182_Felis_catus,1.8141,2.5815,0.8203,1114
NC_058377.1_99239659_99239810_Felis_catus,1.9007,2.5207,0.7797,302
OffNeg_NC_058377.1_99239659_99239810_Felis_catus,1.7779,2.4031,0.7845,302
OffPos_NC_058377.1_99239659_99239810_Felis_catus,1.8431,2.4620,0.7797,302
Shuf_NC_058377.1_99239659_99239810_Felis_catus,1.7617,2.3926,0.7698,302
NC_058378.1_18890239_18890449_Felis_catus,1.8007,2.4012,0.8092,361
OffNeg_NC_058378.1_18890239_18890449_Felis_catus,1.8234,2.4707,0.7631,361
OffPos_NC_058378.1_18890239_18890449_Felis_catus,1.8936,2.5419,0.7670,361
Shuf_NC_058378.1_18890239_18890449_Felis_catus,1.7046,2.3593,0.7537,361
NC_058378.1_30277566_30277678_Felis_catus,1.8704,2.4553,0.7929,263
OffNeg_NC_058378.1_30277566_30277678_Felis_catus,1.7508,2.3554,0.7832,263
OffPos_NC_058378.1_30277566_30277678_Felis_catus,1.8762,2.4809,0.7563,263
Shuf_NC_058378.1_30277566_30277678_Felis_catus,1.8879,2.4916,0.7677,263
NC_058378.1_35555744_35555933_Felis_catus,1.8465,2.4608,0.7881,340
OffNeg_NC_058378.1_35555744_35555933_Felis_catus,1.8310,2.4516,0.7752,340
OffPos_NC_058378.1_35555744_35555933_Felis_catus,1.8830,2.5033,0.7837,340
Shuf_NC_058378.1_35555744_35555933_Felis_catus,1.8842,2.5349,0.7620,340
NC_058378.1_54955060_54954864_Felis_catus,1.8258,2.4753,0.7809,347
OffNeg_NC_058378.1_54955060_54954864_Felis_catus,1.8777,2.4976,0.7798,347
OffPos_NC_058378.1_54955060_54954864_Felis_catus,1.8026,2.5044,0.7519,347
Shuf_NC_058378.1_54955060_54954864_Felis_catus,1.8653,2.4535,0.8038,347
NC_058378.1_73200491_73200621_Felis_catus,1.8111,2.4204,0.7742,281
OffNeg_NC_058378.1_73200491_73200621_Felis_catus,1.8370,2.4353,0.7815,281
OffPos_NC_058378.1_73200491_73200621_Felis_catus,1.8075,2.4240,0.7871,281
Shuf_NC_058378.1_73200491_73200621_Felis_catus,1.8020,2.3899,0.7896,281
NC_058379.1_17418763_17418926_Felis_catus,1.8185,2.4454,0.7640,314
OffNeg_NC_058379.1_17418763_17418926_Felis_catus,1.7669,2.3772,0.7726,314
OffPos_NC_058379.1_17418763_17418926_Felis_catus,1.9024,2.5013,0.7878,314
Shuf_NC_058379.1_17418763_17418926_Felis_catus,1.7167,2.3352,0.7784,314
NC_058379.1_35224252_35224105_Felis_catus,1.7002,2.3070,0.7865,298
OffNeg_NC_058379.1_35224252_35224105_Felis_catus,1.7884,2.3983,0.7876,298
OffPos_NC_058379.1_35224252_35224105_Felis_catus,1.8655,2.4815,0.7804,298
Shuf_NC_058379.1_35224252_35224105_Felis_catus,1.8370,2.4412,0.7857,298
NC_058379.1_651212_651422_Felis_catus,1.7897,2.4038,0.7913,361
OffNeg_NC_058379.1_651212_651422_Felis_catus,1.8462,2.4782,0.7738,361
OffPos_NC_058379.1_651212_651422_Felis_catus,1.8963,2.5246,0.7894,361
Shuf_NC_058379.1_651212_651422_Felis_catus,1.8127,2.4749,0.7979,361
NC_058380.1_22879077_22878976_Felis_catus,1.8408,2.4644,0.7610,252
OffNeg_NC_058380.1_22879077_22878976_Felis_catus,1.7992,2.3820,0.7830,252
OffPos_NC_058380.1_22879077_22878976_Felis_catus,1.7928,2.4104,0.7564,252
Shuf_NC_058380.1_22879077_22878976_Felis_catus,1.7823,2.3889,0.7813,252
NC_058381.1_25060815_25060982_Felis_catus,1.8857,2.4694,0.7989,318
OffNeg_NC_058381.1_25060815_25060982_Felis_catus,1.7910,2.4087,0.7830,318
OffPos_NC_058381.1_25060815_25060982_Felis_catus,1.7757,2.3913,0.7799,318
Shuf_NC_058381.1_25060815_25060982_Felis_catus,1.7785,2.3901,0.7778,318
NC_058381.1_42959876_42959748_Felis_catus,1.8798,2.4861,0.7814,279
OffNeg_NC_058381.1_42959876_42959748_Felis_catus,1.8931,2.5280,0.7629,279
OffPos_NC_058381.1_42959876_42959748_Felis_catus,1.7948,2.4049,0.7682,279
Shuf_NC_058381.1_42959876_42959748_Felis_catus,1.7685,2.3686,0.7799,279
NC_058381.1_60164808_60164920_Felis_catus,1.7376,2.3373,0.7849,263
OffNeg_NC_058381.1_60164808_60164920_Felis_catus,1.8789,2.4921,0.7678,263
OffPos_NC_058381.1_60164808_60164920_Felis_catus,1.8915,2.4916,0.7908,263
Shuf_NC_058381.1_60164808_60164920_Felis_catus,1.8570,2.4482,0.7936,263
NC_058382.1_11604984_11604830_Felis_catus,1.8410,2.4522,0.7985,305
OffNeg_NC_058382.1_11604984_11604830_Felis_catus,1.7352,2.4251,0.7607,305
OffPos_NC_058382.1_11604984_11604830_Felis_catus,1.8540,2.4806,0.7693,305
Shuf_NC_058382.1_11604984_11604830_Felis_catus,1.7335,2.3405,0.7747,305
NC_058383.1_18205704_18205512_Felis_catus,1.8084,2.4416,0.7668,343
OffNeg_NC_058383.1_18205704_18205512_Felis_catus,1.8053,2.4091,0.8076,343
OffPos_NC_058383.1_18205704_18205512_Felis_catus,1.9012,2.5084,0.7955,343
Shuf_NC_058383.1_18205704_18205512_Felis_catus,1.7697,2.4223,0.7662,343
NC_058383.1_25263853_25264062_Felis_catus,1.7918,2.4226,0.7843,360
OffNeg_NC_058383.1_25263853_25264062_Felis_catus,1.8958,2.5120,0.7817,360
OffPos_NC_058383.1_25263853_25264062_Felis_catus,1.8883,2.5023,0.8006,360
Shuf_NC_058383.1_25263853_25264062_Felis_catus,1.7996,2.4226,0.7971,360
NC_058383.1_33021097_33021251_Felis_catus,1.7536,2.3852,0.7728,305
OffNeg_NC_058383.1_33021097_33021251_Felis_catus,1.7455,2.3905,0.8045,305
OffPos_NC_058383.1_33021097_33021251_Felis_catus,1.7646,2.4087,0.7594,305
Shuf_NC_058383.1_33021097_33021251_Felis_catus,1.8676,2.4949,0.7881,305
NC_058383.1_36939665_36939516_Felis_catus,1.8905,2.5101,0.7704,300
OffNeg_NC_058383.1_36939665_36939516_Felis_catus,1.8359,2.5276,0.7530,300
OffPos_NC_058383.1_36939665_36939516_Felis_catus,1.8760,2.4760,0.7997,300
Shuf_NC_058383.1_36939665_36939516_Felis_catus,1.7236,2.3540,0.7621,300
NC_058383.1_39549713_39549887_Felis_catus,1.7899,2.4078,0.7895,325
OffNeg_NC_058383.1_39549713_39549887_Felis_catus,1.8192,2.4406,0.7858,325
OffPos_NC_058383.1_39549713_39549887_Felis_catus,1.8042,2.4020,0.7918,325
Shuf_NC_058383.1_39549713_39549887_Felis_catus,1.7730,2.3921,0.7817,325
NC_058383.1_41087595_41087478_Felis_catus,1.8312,2.4189,0.7906,268
OffNeg_NC_058383.1_41087595_41087478_Felis_catus,1.8622,2.4760,0.7746,268
OffPos_NC_058383.1_41087595_41087478_Felis_catus,1.7830,2.3636,0.8002,268
Shuf_NC_058383.1_41087595_41087478_Felis_catus,1.7512,2.3605,0.7665,268
NC_058384.1_22254774_22254603_Felis_catus,1.8800,2.5115,0.7639,322
OffNeg_NC_058384.1_22254774_22254603_Felis_catus,1.8401,2.4418,0.7981,322
OffPos_NC_058384.1_22254774_22254603_Felis_catus,1.8804,2.5014,0.7856,322
Shuf_NC_058384.1_22254774_22254603_Felis_catus,1.8410,2.4485,0.7876,322
NC_058385.1_63552579_63552488_Felis_catus,1.8337,2.4635,0.7451,242
OffNeg_NC_058385.1_63552579_63552488_Felis_catus,1.8741,2.4657,0.7817,242
OffPos_NC_058385.1_63552579_63552488_Felis_catus,1.8015,2.4347,0.7575,242
Shuf_NC_058385.1_63552579_63552488_Felis_catus,1.7297,2.3640,0.7434,242
NC_058385.1_73528337_73528499_Felis_catus,1.8774,2.4885,0.7870,313
OffNeg_NC_058385.1_73528337_73528499_Felis_catus,1.8113,2.4471,0.7553,313
OffPos_NC_058385.1_73528337_73528499_Felis_catus,1.8702,2.4891,0.7827,313
Shuf_NC_058385.1_73528337_73528499_Felis_catus,1.8654,2.4880,0.7663,313
NC_058386.1_126333243_126333483_Felis_catus,1.8794,2.4978,0.7947,391
OffNeg_NC_058386.1_126333243_126333483_Felis_catus,1.7915,2.4389,0.7709,391
OffPos_NC_058386.1_126333243_126333483_Felis_catus,1.8468,2.4796,0.7822,391
Shuf_NC_058386.1_126333243_126333483_Felis_catus,1.8591,2.4895,0.8004,391
NC_058386.1_36292414_36292523_Felis_catus,1.8457,2.4465,0.7479,260
OffNeg_NC_058386.1_36292414_36292523_Felis_catus,1.8276,2.4150,0.7961,260
OffPos_NC_058386.1_36292414_36292523_Felis_catus,1.7956,2.3890,0.7901,260
Shuf_NC_058386.1_36292414_36292523_Felis_catus,1.7622,2.3818,0.7660,260
NC_058386.1_64692436_64692304_Felis_catus,1.8838,2.4896,0.7787,283
OffNeg_NC_058386.1_64692436_64692304_Felis_catus,1.8707,2.4872,0.7623,283
OffPos_NC_058386.1_64692436_64692304_Felis_catus,1.8903,2.4872,0.7767,283
Shuf_NC_058386.1_64692436_64692304_Felis_catus,1.7518,2.3691,0.7634,283
NW_025408547.1_83397_83190_Felis_catus,1.7716,2.4020,0.7785,358
OffNeg_NW_025408547.1_83397_83190_Felis_catus,1.8882,2.5190,0.7633,358
OffPos_NW_025408547.1_83397_83190_Felis_catus,1.8849,2.5001,0.7924,358
Shuf_NW_025408547.1_83397_83190_Felis_catus,1.7715,2.4245,0.7710,358
