NC_058368.1_116528275_116528466_Felis_catus,0.2442,0.6241,0.5885,342
OffNeg_NC_058368.1_116528275_116528466_Felis_catus,0.3542,0.7069,0.5733,342
OffPos_NC_058368.1_116528275_116528466_Felis_catus,0.2489,0.6738,0.5557,342
Shuf_NC_058368.1_116528275_116528466_Felis_catus,0.4958,0.8109,0.5847,342
NC_058368.1_172166056_172166220_Felis_catus,0.2569,0.6586,0.5705,315
OffNeg_NC_058368.1_172166056_172166220_Felis_catus,0.3510,0.6855,0.6101,315
OffPos_NC_058368.1_172166056_172166220_Felis_catus,0.2506,0.6450,0.5702,315
Shuf_NC_058368.1_172166056_172166220_Felis_catus,0.2531,0.6407,0.5679,315
NC_058368.1_208424642_208424545_Felis_catus,0.2631,0.6252,0.5761,248
OffNeg_NC_058368.1_208424642_208424545_Felis_catus,0.2540,0.6314,0.5918,248
OffPos_NC_058368.1_208424642_208424545_Felis_catus,0.2560,0.6681,0.5728,248
Shuf_NC_058368.1_208424642_208424545_Felis_catus,0.3301,0.7195,0.6049,248
NC_058369.1_15588874_15588968_Felis_catus,0.2793,0.6562,0.5730,245
OffNeg_NC_058369.1_15588874_15588968_Felis_catus,0.2517,0.6325,0.6017,245
OffPos_NC_058369.1_15588874_15588968_Felis_catus,0.2530,0.6781,0.5674,245
Shuf_NC_058369.1_15588874_15588968_Felis_catus,0.2956,0.6219,0.5500,245
NC_058369.1_16281671_16281504_Felis_catus,0.2565,0.6261,0.5959,318
OffNeg_NC_058369.1_16281671_16281504_Felis_catus,0.3537,0.7101,0.5556,318
OffPos_NC_058369.1_16281671_16281504_Felis_catus,0.2569,0.6630,0.5665,318
Shuf_NC_058369.1_16281671_16281504_Felis_catus,0.3340,0.7271,0.5830,318
NC_058369.1_21060612_21060714_Felis_catus,0.2625,0.6577,0.5678,253
OffNeg_NC_058369.1_21060612_21060714_Felis_catus,0.2549,0.6565,0.5937,253
OffPos_NC_058369.1_21060612_21060714_Felis_catus,0.2434,0.6323,0.5827,253
Shuf_NC_058369.1_21060612_21060714_Felis_catus,0.2762,0.6473,0.5521,253
NC_058369.1_53680116_53679988_Felis_catus,0.2494,0.6336,0.5912,279
OffNeg_NC_058369.1_53680116_53679988_Felis_catus,0.2517,0.6217,0.6044,279
OffPos_NC_058369.1_53680116_53679988_Felis_catus,0.2529,0.6408,0.5847,279
Shuf_NC_058369.1_53680116_53679988_Felis_catus,0.2911,0.6475,0.5678,279
NC_058370.1_29451270_29451137_Felis_catus,0.2526,0.6261,0.5588,284
OffNeg_NC_058370.1_29451270_29451137_Felis_catus,0.3225,0.6587,0.5375,284
OffPos_NC_058370.1_29451270_29451137_Felis_catus,0.2479,0.6529,0.5722,284
Shuf_NC_058370.1_29451270_29451137_Felis_catus,0.2927,0.6540,0.5472,284
NC_058370.1_29549974_29549794_Felis_catus,0.2511,0.6442,0.5910,331
OffNeg_NC_058370.1_29549974_29549794_Felis_catus,0.2640,0.6342,0.5997,331
OffPos_NC_058370.1_29549974_29549794_Felis_catus,0.2469,0.6352,0.5922,331
Shuf_NC_058370.1_29549974_29549794_Felis_catus,0.2539,0.6397,0.5755,331
NC_058370.1_66505356_66505540_Felis_catus,0.2634,0.6530,0.5852,335
OffNeg_NC_058370.1_66505356_66505540_Felis_catus,0.2613,0.6492,0.5953,335
OffPos_NC_058370.1_66505356_66505540_Felis_catus,0.2482,0.6392,0.5889,335
Shuf_NC_058370.1_66505356_66505540_Felis_catus,0.2700,0.6594,0.5759,335
NC_058371.1_113046269_113046120_Felis_catus,0.2649,0.6298,0.5705,300
OffNeg_NC_058371.1_113046269_113046120_Felis_catus,0.3068,0.6629,0.5453,300
OffPos_NC_058371.1_113046269_113046120_Felis_catus,0.2652,0.6628,0.5656,300
Shuf_NC_058371.1_113046269_113046120_Felis_catus,0.3983,0.7634,0.5992,300
NC_058371.1_172687847_172687745_Felis_catus,0.2650,0.6592,0.5811,253
OffNeg_NC_058371.1_172687847_172687745_Felis_catus,0.2605,0.6514,0.5749,253
OffPos_NC_058371.1_172687847_172687745_Felis_catus,0.2493,0.6254,0.5963,253
Shuf_NC_058371.1_172687847_172687745_Felis_catus,0.2474,0.6322,0.5932,253
NC_058371.1_184811454_184811280_Felis_catus,0.2482,0.6478,0.5944,325
OffNeg_NC_058371.1_184811454_184811280_Felis_catus,0.2883,0.6554,0.5587,325
OffPos_NC_058371.1_184811454_184811280_Felis_catus,0.2491,0.6421,0.5902,325
Shuf_NC_058371.1_184811454_184811280_Felis_catus,0.2672,0.6494,0.5835,325
NC_058371.1_58657020_58656939_Felis_catus,0.2784,0.6435,0.6086,232
OffNeg_NC_058371.1_58657020_58656939_Felis_catus,0.2917,0.6318,0.5744,232
OffPos_NC_058371.1_58657020_58656939_Felis_catus,0.2756,0.6562,0.5625,232
Shuf_NC_058371.1_58657020_58656939_Felis_catus,0.3247,0.7065,0.5935,232
NC_058372.1_151655498_151655579_Felis_catus,0.3042,0.6698,0.5510,232
OffNeg_NC_058372.1_151655498_151655579_Felis_catus,0.2774,0.6478,0.5653,232
OffPos_NC_058372.1_151655498_151655579_Felis_catus,0.2670,0.6733,0.5585,232
Shuf_NC_058372.1_151655498_151655579_Felis_catus,0.2508,0.6376,0.5816,232
NC_058372.1_1995251_1995369_Felis_catus,0.2702,0.6516,0.5718,269
OffNeg_NC_058372.1_1995251_1995369_Felis_catus,0.3320,0.6831,0.5876,269
OffPos_NC_058372.1_1995251_1995369_Felis_catus,0.2566,0.6533,0.5697,269
Shuf_NC_058372.1_1995251_1995369_Felis_catus,0.4032,0.7602,0.6031,269
NC_058372.1_80164392_80164275_Felis_catus,0.2707,0.6428,0.5456,268
OffNeg_NC_058372.1_80164392_80164275_Felis_catus,0.3679,0.7056,0.5675,268
OffPos_NC_058372.1_80164392_80164275_Felis_catus,0.2605,0.6597,0.5893,268
Shuf_NC_058372.1_80164392_80164275_Felis_catus,0.2582,0.6528,0.5926,268
NC_058373.1_1393053_1392945_Felis_catus,0.3040,0.6618,0.5554,259
OffNeg_NC_058373.1_1393053_1392945_Felis_catus,0.3061,0.7330,0.4512,259
OffPos_NC_058373.1_1393053_1392945_Felis_catus,0.2523,0.6559,0.5861,259
Shuf_NC_058373.1_1393053_1392945_Felis_catus,0.3279,0.6949,0.5943,259
NC_058373.1_36084935_36084838_Felis_catus,0.2638,0.6447,0.5912,248
OffNeg_NC_058373.1_36084935_36084838_Felis_catus,0.2607,0.8450,0.4009,248
OffPos_NC_058373.1_36084935_36084838_Felis_catus,0.3235,0.7115,0.5922,248
Shuf_NC_058373.1_36084935_36084838_Felis_catus,0.2488,0.6477,0.5825,248
NC_058373.1_73818294_73818015_Felis_catus,0.2520,0.6458,0.5684,430
OffNeg_NC_058373.1_73818294_73818015_Felis_catus,0.3257,0.8217,0.4566,430
OffPos_NC_058373.1_73818294_73818015_Felis_catus,0.3227,0.7055,0.5852,430
Shuf_NC_058373.1_73818294_73818015_Felis_catus,0.2626,0.6451,0.5632,430
NC_058374.1_103628592_103628739_Felis_catus,0.2704,0.6464,0.5907,298
OffNeg_NC_058374.1_103628592_103628739_Felis_catus,0.3364,0.8157,0.4653,298
OffPos_NC_058374.1_103628592_103628739_Felis_catus,0.2517,0.6421,0.5792,298
Shuf_NC_058374.1_103628592_103628739_Felis_catus,0.2710,0.6574,0.5799,298
NC_058374.1_67950828_67950947_Felis_catus,0.2957,0.6665,0.5647,270
OffNeg_NC_058374.1_67950828_67950947_Felis_catus,0.4021,0.8731,0.4997,270
OffPos_NC_058374.1_67950828_67950947_Felis_catus,0.2619,0.6705,0.5733,270
Shuf_NC_058374.1_67950828_67950947_Felis_catus,0.2524,0.6374,0.6023,270
NC_058374.1_78705628_78705997_Felis_catus,0.2831,0.6600,0.5866,520
OffNeg_NC_058374.1_78705628_78705997_Felis_catus,0.2863,0.7367,0.4908,520
OffPos_NC_058374.1_78705628_78705997_Felis_catus,0.2518,0.6513,0.5887,520
Shuf_NC_058374.1_78705628_78705997_Felis_catus,0.3058,0.6625,0.5395,520
NC_058375.1_11733098_11732912_Felis_catus,0.2726,0.6545,0.5875,337
OffNeg_NC_058375.1_11733098_11732912_Felis_catus,0.2822,0.7666,0.4484,337
OffPos_NC_058375.1_11733098_11732912_Felis_catus,0.2609,0.6572,0.5851,337
Shuf_NC_058375.1_11733098_11732912_Felis_catus,0.3564,0.6826,0.5223,337
NC_058375.1_77365515_77365426_Felis_catus,0.2839,0.6521,0.5591,240
OffNeg_NC_058375.1_77365515_77365426_Felis_catus,0.3736,0.7715,0.5202,240
OffPos_NC_058375.1_77365515_77365426_Felis_catus,0.2486,0.6584,0.5842,240
Shuf_NC_058375.1_77365515_77365426_Felis_catus,0.2744,0.6465,0.5729,240
NC_058376.1_151800662_151800767_Felis_catus,0.2588,0.6482,0.5975,256
OffNeg_NC_058376.1_151800662_151800767_Felis_catus,0.2686,0.7683,0.4338,256
OffPos_NC_058376.1_151800662_151800767_Felis_catus,0.2506,0.6291,0.6164,256
Shuf_NC_058376.1_151800662_151800767_Felis_catus,0.3098,0.6707,0.5877,256
NC_058376.1_3300723_3300867_Felis_catus,0.2637,0.6678,0.5643,295
OffNeg_NC_058376.1_3300723_3300867_Felis_catus,0.3279,0.8133,0.4936,295
OffPos_NC_058376.1_3300723_3300867_Felis_catus,0.2579,0.6381,0.6037,295
Shuf_NC_058376.1_3300723_3300867_Felis_catus,0.2828,0.6514,0.5790,295
NC_058377.1_103612669_103611721_Felis_catus,0.2629,0.6325,0.5869,1099
OffNeg_NC_058377.1_103612669_103611721_Felis_catus,0.2635,0.8031,0.4402,1099
OffPos_NC_058377.1_103612669_103611721_Felis_catus,0.3367,0.7124,0.6050,1099
Shuf_NC_058377.1_103612669_103611721_Felis_catus,0.3345,0.7017,0.5793,1099
NC_058377.1_108837965_108837814_Felis_catus,0.2689,0.6316,0.6093,302
OffNeg_NC_058377.1_108837965_108837814_Felis_catus,0.2508,0.7865,0.4393,302
OffPos_NC_058377.1_108837965_108837814_Felis_catus,0.4504,0.8052,0.6255,302
Shuf_NC_058377.1_108837965_108837814_Felis_catus,0.3933,0.7434,0.6027,302
NC_058377.1_109305745_109305865_Felis_catus,0.2891,0.6694,0.5621,271
OffNeg_NC_058377.1_109305745_109305865_Felis_catus,0.3380,0.8159,0.4798,271
OffPos_NC_058377.1_109305745_109305865_Felis_catus,0.2417,0.6363,0.5967,271
Shuf_NC_058377.1_109305745_109305865_Felis_catus,0.3838,0.6953,0.5009,271
NC_058377.1_25633978_25634182_Felis_catus,0.3495,0.6871,0.5478,355
OffNeg_NC_058377.1_25633978_25634182_Felis_catus,0.2569,0.7963,0.4438,355
OffPos_NC_058377.1_25633978_25634182_Felis_catus,0.3410,0.7183,0.5894,355
Shuf_NC_058377.1_25633978_25634182_Felis_catus,0.4214,0.7447,0.5733,355
NC_058377.1_54477174_54477318_Felis_catus,0.3326,0.6424,0.5199,295
OffNeg_NC_058377.1_54477174_54477318_Felis_catus,0.2549,0.7017,0.5036,295
OffPos_NC_058377.1_54477174_54477318_Felis_catus,0.2489,0.6446,0.5944,295
Shuf_NC_058377.1_54477174_54477318_Felis_catus,0.4893,0.8127,0.5750,295
NC_058377.1_60701145_60700182_Felis_catus,0.3145,0.6636,0.5678,1114
OffNeg_NC_058377.1_60701145_60700182_Felis_catus,0.2569,0.8264,0.4251,1114
OffPos_NC_058377.1_60701145_60700182_Felis_catus,0.2589,0.6462,0.5813,1114
Shuf_NC_058377.1_60701145_60700182_Felis_catus,0.2484,0.6276,0.6082,1114
NC_058377.1_99239659_99239810_Felis_catus,0.2804,0.6478,0.5920,302
OffNeg_NC_058377.1_99239659_99239810_Felis_catus,0.3628,0.8088,0.5192,302
OffPos_NC_058377.1_99239659_99239810_Felis_catus,0.2516,0.6428,0.5977,302
Shuf_NC_058377.1_99239659_99239810_Felis_catus,0.2549,0.6492,0.5984,302
NC_058378.1_18890239_18890449_Felis_catus,0.2979,0.6544,0.5415,361
OffNeg_NC_058378.1_18890239_18890449_Felis_catus,0.2952,0.7830,0.4854,361
OffPos_NC_058378.1_18890239_18890449_Felis_catus,0.2588,0.6668,0.5814,361
Shuf_NC_058378.1_18890239_18890449_Felis_catus,0.2561,0.6421,0.5761,361
NC_058378.1_30277566_30277678_Felis_catus,0.3015,0.6652,0.5576,263
OffNeg_NC_058378.1_30277566_30277678_Felis_catus,0.2600,0.7628,0.4717,263
OffPos_NC_058378.1_30277566_30277678_Felis_catus,0.2526,0.6252,0.6060,263
Shuf_NC_058378.1_30277566_30277678_Felis_catus,0.2581,0.6444,0.5889,263
NC_058378.1_35555744_35555933_Felis_catus,0.2750,0.6537,0.5667,340
OffNeg_NC_058378.1_35555744_35555933_Felis_catus,0.2534,0.7483,0.4855,340
OffPos_NC_058378.1_35555744_35555933_Felis_catus,0.2495,0.6350,0.5899,340
Shuf_NC_058378.1_35555744_35555933_Felis_catus,0.3313,0.7175,0.5842,340
NC_058378.1_54955060_54954864_Felis_catus,0.3352,0.6904,0.5074,347
OffNeg_NC_058378.1_54955060_54954864_Felis_catus,0.2613,0.7416,0.4871,347
OffPos_NC_058378.1_54955060_54954864_Felis_catus,0.2830,0.6578,0.5450,347
Shuf_NC_058378.1_54955060_54954864_Felis_catus,0.3940,0.7611,0.6079,347
NC_058378.1_73200491_73200621_Felis_catus,0.3071,0.6743,0.5666,281
OffNeg_NC_058378.1_73200491_73200621_Felis_catus,0.2986,0.7676,0.4813,281
OffPos_NC_058378.1_73200491_73200621_Felis_catus,0.2762,0.6734,0.5848,281
Shuf_NC_058378.1_73200491_73200621_Felis_catus,0.2413,0.6278,0.5964,281
NC_058379.1_17418763_17418926_Felis_catus,0.3167,0.6678,0.5636,314
OffNeg_NC_058379.1_17418763_17418926_Felis_catus,0.4273,0.7980,0.5508,314
OffPos_NC_058379.1_17418763_17418926_Felis_catus,0.2819,0.6428,0.6060,314
Shuf_NC_058379.1_17418763_17418926_Felis_catus,0.2525,0.6270,0.5872,314
NC_058379.1_35224252_35224105_Felis_catus,0.3051,0.6480,0.5505,298
OffNeg_NC_058379.1_35224252_35224105_Felis_catus,0.2480,0.7281,0.4956,298
OffPos_NC_058379.1_35224252_35224105_Felis_catus,0.3104,0.6548,0.5221,298
Shuf_NC_058379.1_35224252_35224105_Felis_catus,0.2589,0.6268,0.5633,298
NC_058379.1_651212_651422_Felis_catus,0.2583,0.6402,0.6008,361
OffNeg_NC_058379.1_651212_651422_Felis_catus,0.2599,0.7124,0.5025,361
OffPos_NC_058379.1_651212_651422_Felis_catus,0.2756,0.6359,0.5602,361
Shuf_NC_058379.1_651212_651422_Felis_catus,0.2645,0.6485,0.5742,361
NC_058380.1_22879077_22878976_Felis_catus,0.2618,0.6323,0.5831,252
OffNeg_NC_058380.1_22879077_22878976_Felis_catus,0.3141,0.6969,0.5197,252
OffPos_NC_058380.1_22879077_22878976_Felis_catus,0.2492,0.6193,0.6001,252
Shuf_NC_058380.1_22879077_22878976_Felis_catus,0.2772,0.6536,0.5764,252
NC_058381.1_25060815_25060982_Felis_catus,0.2988,0.6655,0.5725,318
OffNeg_NC_058381.1_25060815_25060982_Felis_catus,0.3802,0.7492,0.4994,318
OffPos_NC_058381.1_25060815_25060982_Felis_catus,0.2495,0.6266,0.5878,318
Shuf_NC_058381.1_25060815_25060982_Felis_catus,0.2913,0.6761,0.5600,318
NC_058381.1_42959876_42959748_Felis_catus,0.3153,0.6773,0.5451,279
OffNeg_NC_058381.1_42959876_42959748_Felis_catus,0.2846,0.7381,0.5032,279
OffPos_NC_058381.1_42959876_42959748_Felis_catus,0.3339,0.7030,0.6027,279
Shuf_NC_058381.1_42959876_42959748_Felis_catus,0.2907,0.6418,0.5595,279
NC_058381.1_60164808_60164920_Felis_catus,0.2910,0.6627,0.5479,263
OffNeg_NC_058381.1_60164808_60164920_Felis_catus,0.2705,0.6857,0.5156,263
OffPos_NC_058381.1_60164808_60164920_Felis_catus,0.3729,0.7281,0.5687,263
Shuf_NC_058381.1_60164808_60164920_Felis_catus,0.3269,0.6837,0.5393,263
NC_058382.1_11604984_11604830_Felis_catus,0.2832,0.6328,0.5541,305
OffNeg_NC_058382.1_11604984_11604830_Felis_catus,0.2773,0.6847,0.5183,305
OffPos_NC_058382.1_11604984_11604830_Felis_catus,0.2792,0.6425,0.5750,305
Shuf_NC_058382.1_11604984_11604830_Felis_catus,0.3934,0.7283,0.5841,305
NC_058383.1_18205704_18205512_Felis_catus,0.3336,0.7139,0.6056,343
OffNeg_NC_058383.1_18205704_18205512_Felis_catus,0.2946,0.7073,0.5108,343
OffPos_NC_058383.1_18205704_18205512_Felis_catus,0.3778,0.7153,0.5787,343
Shuf_NC_058383.1_18205704_18205512_Felis_catus,0.3263,0.6907,0.5709,343
NC_058383.1_25263853_25264062_Felis_catus,0.2501,0.6354,0.5847,360
OffNeg_NC_058383.1_25263853_25264062_Felis_catus,0.3222,0.6858,0.5399,360
OffPos_NC_058383.1_25263853_25264062_Felis_catus,0.3456,0.7130,0.5844,360
Shuf_NC_058383.1_25263853_25264062_Felis_catus,0.3571,0.6955,0.5758,360
NC_058383.1_33021097_33021251_Felis_catus,0.2484,0.6212,0.6045,305
OffNeg_NC_058383.1_33021097_33021251_Felis_catus,0.2591,0.6756,0.5251,305
OffPos_NC_058383.1_33021097_33021251_Felis_catus,0.3243,0.7063,0.5960,305
Shuf_NC_058383.1_33021097_33021251_Felis_catus,0.3576,0.7207,0.5995,305
NC_058383.1_36939665_36939516_Felis_catus,0.2529,0.6325,0.5866,300
OffNeg_NC_058383.1_36939665_36939516_Felis_catus,0.3553,0.7562,0.5294,300
OffPos_NC_058383.1_36939665_36939516_Felis_catus,0.4271,0.7564,0.6135,300
Shuf_NC_058383.1_36939665_36939516_Felis_catus,0.3613,0.7318,0.6063,300
NC_058383.1_39549713_39549887_Felis_catus,0.2875,0.6348,0.5756,325
OffNeg_NC_058383.1_39549713_39549887_Felis_catus,0.4384,0.8582,0.5607,325
OffPos_NC_058383.1_39549713_39549887_Felis_catus,0.3076,0.6821,0.5351,325
Shuf_NC_058383.1_39549713_39549887_Felis_catus,0.3574,0.7157,0.6222,325
NC_058383.1_41087595_41087478_Felis_catus,0.3969,0.7539,0.6190,268
OffNeg_NC_058383.1_41087595_41087478_Felis_catus,0.4474,0.8010,0.5436,268
OffPos_NC_058383.1_41087595_41087478_Felis_catus,0.2913,0.6468,0.5366,268
Shuf_NC_058383.1_41087595_41087478_Felis_catus,0.5665,0.9011,0.6396,268
NC_058384.1_22254774_22254603_Felis_catus,0.2515,0.6431,0.5857,322
OffNeg_NC_058384.1_22254774_22254603_Felis_catus,0.3986,0.7863,0.5671,322
OffPos_NC_058384.1_22254774_22254603_Felis_catus,0.3379,0.7117,0.5740,322
Shuf_NC_058384.1_22254774_22254603_Felis_catus,0.3187,0.6823,0.6048,322
NC_058385.1_63552579_63552488_Felis_catus,0.2796,0.6511,0.5669,242
OffNeg_NC_058385.1_63552579_63552488_Felis_catus,0.2547,0.6853,0.5508,242
OffPos_NC_058385.1_63552579_63552488_Felis_catus,0.2461,0.6282,0.5962,242
Shuf_NC_058385.1_63552579_63552488_Felis_catus,0.2384,0.6307,0.5921,242
NC_058385.1_73528337_73528499_Felis_catus,0.2668,0.6243,0.5417,313
OffNeg_NC_058385.1_73528337_73528499_Felis_catus,0.3944,0.7835,0.5914,313
OffPos_NC_058385.1_73528337_73528499_Felis_catus,0.2940,0.6635,0.5636,313
Shuf_NC_058385.1_73528337_73528499_Felis_catus,0.2459,0.6323,0.5904,313
NC_058386.1_126333243_126333483_Felis_catus,0.2468,0.6291,0.5848,391
OffNeg_NC_058386.1_126333243_126333483_Felis_catus,0.2517,0.6926,0.5465,391
OffPos_NC_058386.1_126333243_126333483_Felis_catus,0.2973,0.6455,0.5497,391
Shuf_NC_058386.1_126333243_126333483_Felis_catus,0.3305,0.6951,0.6125,391
NC_058386.1_36292414_36292523_Felis_catus,0.2570,0.6379,0.5717,260
OffNeg_NC_058386.1_36292414_36292523_Felis_catus,0.2683,0.6721,0.5543,260
OffPos_NC_058386.1_36292414_36292523_Felis_catus,0.2605,0.6589,0.5413,260
Shuf_NC_058386.1_36292414_36292523_Felis_catus,0.2487,0.6431,0.5914,260
NC_058386.1_64692436_64692304_Felis_catus,0.2805,0.6525,0.5746,283
OffNeg_NC_058386.1_64692436_64692304_Felis_catus,0.2469,0.6809,0.5412,283
OffPos_NC_058386.1_64692436_64692304_Felis_catus,0.3785,0.7100,0.5737,283
Shuf_NC_058386.1_64692436_64692304_Felis_catus,0.2532,0.6426,0.5770,283
NW_025408547.1_83397_83190_Felis_catus,0.3305,0.7130,0.5813,358
OffNeg_NW_025408547.1_83397_83190_Felis_catus,0.2472,0.6760,0.5562,358
OffPos_NW_025408547.1_83397_83190_Felis_catus,0.2803,0.6336,0.5451,358
Shuf_NW_025408547.1_83397_83190_Felis_catus,0.2492,0.6309,0.6057,358
