NC_058368.1_116528275_116528466_Felis_catus,0.0927,0.0708,0.0149,342
OffNeg_NC_058368.1_116528275_116528466_Felis_catus,0.0875,0.0723,0.0150,342
OffPos_NC_058368.1_116528275_116528466_Felis_catus,0.0943,0.0797,0.0143,342
Shuf_NC_058368.1_116528275_116528466_Felis_catus,0.0898,0.0776,0.0119,342
NC_058368.1_172166056_172166220_Felis_catus,0.0858,0.0745,0.0109,315
OffNeg_NC_058368.1_172166056_172166220_Felis_catus,0.0879,0.0742,0.0134,315
OffPos_NC_058368.1_172166056_172166220_Felis_catus,0.1055,0.0860,0.0190,315
Shuf_NC_058368.1_172166056_172166220_Felis_catus,0.0882,0.0744,0.0135,315
NC_058368.1_208424642_208424545_Felis_catus,0.0784,0.0653,0.0128,248
OffNeg_NC_058368.1_208424642_208424545_Felis_catus,0.0969,0.0803,0.0163,248
OffPos_NC_058368.1_208424642_208424545_Felis_catus,0.0922,0.0767,0.0151,248
Shuf_NC_058368.1_208424642_208424545_Felis_catus,0.0892,0.0707,0.0183,248
NC_058369.1_15588874_15588968_Felis_catus,0.0860,0.0710,0.0146,245
OffNeg_NC_058369.1_15588874_15588968_Felis_catus,0.1084,0.0905,0.0174,245
OffPos_NC_058369.1_15588874_15588968_Felis_catus,0.1789,0.1502,0.0283,245
Shuf_NC_058369.1_15588874_15588968_Felis_catus,0.0883,0.0752,0.0127,245
NC_058369.1_16281671_16281504_Felis_catus,0.0846,0.0723,0.0120,318
OffNeg_NC_058369.1_16281671_16281504_Felis_catus,0.1416,0.1178,0.0231,318
OffPos_NC_058369.1_16281671_16281504_Felis_catus,0.0913,0.0746,0.0163,318
Shuf_NC_058369.1_16281671_16281504_Felis_catus,0.0885,0.0740,0.0142,318
NC_058369.1_21060612_21060714_Felis_catus,0.0848,0.0714,0.0131,253
OffNeg_NC_058369.1_21060612_21060714_Felis_catus,0.1421,0.1204,0.0209,253
OffPos_NC_058369.1_21060612_21060714_Felis_catus,0.0903,0.0764,0.0136,253
Shuf_NC_058369.1_21060612_21060714_Felis_catus,0.0893,0.0745,0.0146,253
NC_058369.1_53680116_53679988_Felis_catus,0.0940,0.0742,0.0195,279
OffNeg_NC_058369.1_53680116_53679988_Felis_catus,0.1133,0.0970,0.0160,279
OffPos_NC_058369.1_53680116_53679988_Felis_catus,0.0921,0.0805,0.0113,279
Shuf_NC_058369.1_53680116_53679988_Felis_catus,0.0886,0.0736,0.0146,279
NC_058370.1_29451270_29451137_Felis_catus,0.0810,0.0681,0.0127,284
OffNeg_NC_058370.1_29451270_29451137_Felis_catus,0.1222,0.1008,0.0209,284
OffPos_NC_058370.1_29451270_29451137_Felis_catus,0.0956,0.0788,0.0164,284
Shuf_NC_058370.1_29451270_29451137_Felis_catus,0.0880,0.0731,0.0147,284
NC_058370.1_29549974_29549794_Felis_catus,0.0846,0.0731,0.0111,331
OffNeg_NC_058370.1_29549974_29549794_Felis_catus,0.1338,0.1094,0.0239,331
OffPos_NC_058370.1_29549974_29549794_Felis_catus,0.0986,0.0835,0.0147,331
Shuf_NC_058370.1_29549974_29549794_Felis_catus,0.0996,0.0826,0.0167,331
NC_058370.1_66505356_66505540_Felis_catus,0.0882,0.0753,0.0127,335
OffNeg_NC_058370.1_66505356_66505540_Felis_catus,0.1567,0.1264,0.0296,335
OffPos_NC_058370.1_66505356_66505540_Felis_catus,0.0979,0.0818,0.0156,335
Shuf_NC_058370.1_66505356_66505540_Felis_catus,0.0904,0.0762,0.0139,335
NC_058371.1_113046269_113046120_Felis_catus,0.0816,0.0689,0.0123,300
OffNeg_NC_058371.1_113046269_113046120_Felis_catus,0.2226,0.1872,0.0345,300
OffPos_NC_058371.1_113046269_113046120_Felis_catus,0.1211,0.1015,0.0191,300
Shuf_NC_058371.1_113046269_113046120_Felis_catus,0.0919,0.0761,0.0155,300
NC_058371.1_172687847_172687745_Felis_catus,0.0941,0.0786,0.0151,253
OffNeg_NC_058371.1_172687847_172687745_Felis_catus,0.1507,0.1212,0.0289,253
OffPos_NC_058371.1_172687847_172687745_Felis_catus,0.1304,0.1080,0.0220,253
Shuf_NC_058371.1_172687847_172687745_Felis_catus,0.0917,0.0772,0.0142,253
NC_058371.1_184811454_184811280_Felis_catus,0.0916,0.0760,0.0151,325
OffNeg_NC_058371.1_184811454_184811280_Felis_catus,0.1324,0.1135,0.0185,325
OffPos_NC_058371.1_184811454_184811280_Felis_catus,0.1114,0.0906,0.0205,325
Shuf_NC_058371.1_184811454_184811280_Felis_catus,0.0970,0.0827,0.0139,325
NC_058371.1_58657020_58656939_Felis_catus,0.0882,0.0728,0.0151,232
OffNeg_NC_058371.1_58657020_58656939_Felis_catus,0.1984,0.1647,0.0332,232
OffPos_NC_058371.1_58657020_58656939_Felis_catus,0.1178,0.0972,0.0201,232
Shuf_NC_058371.1_58657020_58656939_Felis_catus,0.1030,0.0848,0.0176,232
NC_058372.1_151655498_151655579_Felis_catus,0.0969,0.0810,0.0155,232
OffNeg_NC_058372.1_151655498_151655579_Felis_catus,0.1111,0.0940,0.0167,232
OffPos_NC_058372.1_151655498_151655579_Felis_catus,0.1146,0.0980,0.0163,232
Shuf_NC_058372.1_151655498_151655579_Felis_catus,0.1185,0.1046,0.0133,232
NC_058372.1_1995251_1995369_Felis_catus,0.0907,0.0741,0.0164,269
OffNeg_NC_058372.1_1995251_1995369_Felis_catus,0.1217,0.1045,0.0166,269
OffPos_NC_058372.1_1995251_1995369_Felis_catus,0.0911,0.0743,0.0164,269
Shuf_NC_058372.1_1995251_1995369_Felis_catus,0.1141,0.0949,0.0188,269
NC_058372.1_80164392_80164275_Felis_catus,0.0955,0.0799,0.0151,268
OffNeg_NC_058372.1_80164392_80164275_Felis_catus,0.1158,0.0937,0.0215,268
OffPos_NC_058372.1_80164392_80164275_Felis_catus,0.0900,0.0774,0.0124,268
Shuf_NC_058372.1_80164392_80164275_Felis_catus,0.1210,0.1032,0.0172,268
NC_058373.1_1393053_1392945_Felis_catus,0.1344,0.1118,0.0220,259
OffNeg_NC_058373.1_1393053_1392945_Felis_catus,0.1177,0.0949,0.0222,259
OffPos_NC_058373.1_1393053_1392945_Felis_catus,0.0925,0.0777,0.0143,259
Shuf_NC_058373.1_1393053_1392945_Felis_catus,0.0898,0.0732,0.0163,259
NC_058373.1_36084935_36084838_Felis_catus,0.1154,0.0950,0.0200,248
OffNeg_NC_058373.1_36084935_36084838_Felis_catus,0.1083,0.0868,0.0211,248
OffPos_NC_058373.1_36084935_36084838_Felis_catus,0.0973,0.0809,0.0160,248
Shuf_NC_058373.1_36084935_36084838_Felis_catus,0.0901,0.0774,0.0124,248
NC_058373.1_73818294_73818015_Felis_catus,0.1118,0.0977,0.0136,430
OffNeg_NC_058373.1_73818294_73818015_Felis_catus,0.1113,0.0935,0.0172,430
OffPos_NC_058373.1_73818294_73818015_Felis_catus,0.0965,0.0802,0.0160,430
Shuf_NC_058373.1_73818294_73818015_Felis_catus,0.0939,0.0805,0.0131,430
NC_058374.1_103628592_103628739_Felis_catus,0.1001,0.0857,0.0140,298
OffNeg_NC_058374.1_103628592_103628739_Felis_catus,0.1165,0.0980,0.0180,298
OffPos_NC_058374.1_103628592_103628739_Felis_catus,0.0935,0.0801,0.0131,298
Shuf_NC_058374.1_103628592_103628739_Felis_catus,0.0925,0.0763,0.0159,298
NC_058374.1_67950828_67950947_Felis_catus,0.0874,0.0728,0.0143,270
OffNeg_NC_058374.1_67950828_67950947_Felis_catus,0.1132,0.0931,0.0198,270
OffPos_NC_058374.1_67950828_67950947_Felis_catus,0.0971,0.0840,0.0128,270
Shuf_NC_058374.1_67950828_67950947_Felis_catus,0.1747,0.1502,0.0241,270
NC_058374.1_78705628_78705997_Felis_catus,0.1044,0.0888,0.0151,520
OffNeg_NC_058374.1_78705628_78705997_Felis_catus,0.1218,0.1061,0.0152,520
OffPos_NC_058374.1_78705628_78705997_Felis_catus,0.0971,0.0787,0.0181,520
Shuf_NC_058374.1_78705628_78705997_Felis_catus,0.0924,0.0802,0.0119,520
NC_058375.1_11733098_11732912_Felis_catus,0.1002,0.0786,0.0211,337
OffNeg_NC_058375.1_11733098_11732912_Felis_catus,0.1133,0.0926,0.0203,337
OffPos_NC_058375.1_11733098_11732912_Felis_catus,0.0925,0.0767,0.0155,337
Shuf_NC_058375.1_11733098_11732912_Felis_catus,0.0877,0.0749,0.0124,337
NC_058375.1_77365515_77365426_Felis_catus,0.1013,0.0879,0.0130,240
OffNeg_NC_058375.1_77365515_77365426_Felis_catus,0.2809,0.2380,0.0403,240
OffPos_NC_058375.1_77365515_77365426_Felis_catus,0.0880,0.0714,0.0163,240
Shuf_NC_058375.1_77365515_77365426_Felis_catus,0.0914,0.0751,0.0160,240
NC_058376.1_151800662_151800767_Felis_catus,0.1013,0.0856,0.0154,256
OffNeg_NC_058376.1_151800662_151800767_Felis_catus,0.0894,0.0744,0.0147,256
OffPos_NC_058376.1_151800662_151800767_Felis_catus,0.0896,0.0774,0.0119,256
Shuf_NC_058376.1_151800662_151800767_Felis_catus,0.0908,0.0778,0.0127,256
NC_058376.1_3300723_3300867_Felis_catus,0.0942,0.0789,0.0150,295
OffNeg_NC_058376.1_3300723_3300867_Felis_catus,0.0905,0.0763,0.0138,295
OffPos_NC_058376.1_3300723_3300867_Felis_catus,0.0913,0.0787,0.0123,295
Shuf_NC_058376.1_3300723_3300867_Felis_catus,0.0943,0.0790,0.0149,295
NC_058377.1_103612669_103611721_Felis_catus,0.1071,0.0926,0.0141,1099
OffNeg_NC_058377.1_103612669_103611721_Felis_catus,0.0970,0.0823,0.0144,1099
OffPos_NC_058377.1_103612669_103611721_Felis_catus,0.1000,0.0863,0.0133,1099
Shuf_NC_058377.1_103612669_103611721_Felis_catus,0.1280,0.1047,0.0227,1099
NC_058377.1_108837965_108837814_Felis_catus,0.0869,0.0717,0.0147,302
OffNeg_NC_058377.1_108837965_108837814_Felis_catus,0.0958,0.0836,0.0119,302
OffPos_NC_058377.1_108837965_108837814_Felis_catus,0.0907,0.0785,0.0119,302
Shuf_NC_058377.1_108837965_108837814_Felis_catus,0.1075,0.0899,0.0171,302
NC_058377.1_109305745_109305865_Felis_catus,0.0922,0.0792,0.0127,271
OffNeg_NC_058377.1_109305745_109305865_Felis_catus,0.1101,0.0902,0.0195,271
OffPos_NC_058377.1_109305745_109305865_Felis_catus,0.0939,0.0780,0.0155,271
Shuf_NC_058377.1_109305745_109305865_Felis_catus,0.2034,0.1695,0.0326,271
NC_058377.1_25633978_25634182_Felis_catus,0.0878,0.0755,0.0119,355
OffNeg_NC_058377.1_25633978_25634182_Felis_catus,0.1714,0.1451,0.0258,355
OffPos_NC_058377.1_25633978_25634182_Felis_catus,0.0908,0.0770,0.0135,355
Shuf_NC_058377.1_25633978_25634182_Felis_catus,0.1035,0.0872,0.0159,355
NC_058377.1_54477174_54477318_Felis_catus,0.0837,0.0681,0.0153,295
OffNeg_NC_058377.1_54477174_54477318_Felis_catus,0.0859,0.0700,0.0156,295
OffPos_NC_058377.1_54477174_54477318_Felis_catus,0.0910,0.0748,0.0159,295
Shuf_NC_058377.1_54477174_54477318_Felis_catus,0.0909,0.0755,0.0151,295
NC_058377.1_60701145_60700182_Felis_catus,0.0973,0.0861,0.0107,1114
OffNeg_NC_058377.1_60701145_60700182_Felis_catus,0.0949,0.0818,0.0128,1114
OffPos_NC_058377.1_60701145_60700182_Felis_catus,0.1009,0.0879,0.0127,1114
Shuf_NC_058377.1_60701145_60700182_Felis_catus,0.1011,0.0828,0.0180,1114
NC_058377.1_99239659_99239810_Felis_catus,0.0967,0.0821,0.0142,302
OffNeg_NC_058377.1_99239659_99239810_Felis_catus,0.0871,0.0731,0.0137,302
OffPos_NC_058377.1_99239659_99239810_Felis_catus,0.0914,0.0779,0.0132,302
Shuf_NC_058377.1_99239659_99239810_Felis_catus,0.0908,0.0765,0.0139,302
NC_058378.1_18890239_18890449_Felis_catus,0.0855,0.0701,0.0151,361
OffNeg_NC_058378.1_18890239_18890449_Felis_catus,0.1180,0.1008,0.0168,361
OffPos_NC_058378.1_18890239_18890449_Felis_catus,0.0948,0.0796,0.0150,361
Shuf_NC_058378.1_18890239_18890449_Felis_catus,0.0916,0.0782,0.0131,361
NC_058378.1_30277566_30277678_Felis_catus,0.0865,0.0728,0.0135,263
OffNeg_NC_058378.1_30277566_30277678_Felis_catus,0.0947,0.0740,0.0203,263
OffPos_NC_058378.1_30277566_30277678_Felis_catus,0.0942,0.0779,0.0161,263
Shuf_NC_058378.1_30277566_30277678_Felis_catus,0.0877,0.0711,0.0163,263
NC_058378.1_35555744_35555933_Felis_catus,0.0896,0.0757,0.0136,340
OffNeg_NC_058378.1_35555744_35555933_Felis_catus,0.1186,0.0982,0.0199,340
OffPos_NC_058378.1_35555744_35555933_Felis_catus,0.0891,0.0753,0.0135,340
Shuf_NC_058378.1_35555744_35555933_Felis_catus,0.0936,0.0815,0.0118,340
NC_058378.1_54955060_54954864_Felis_catus,0.0863,0.0753,0.0106,347
OffNeg_NC_058378.1_54955060_54954864_Felis_catus,0.1192,0.1016,0.0172,347
OffPos_NC_058378.1_54955060_54954864_Felis_catus,0.0868,0.0719,0.0147,347
Shuf_NC_058378.1_54955060_54954864_Felis_catus,0.0915,0.0805,0.0107,347
NC_058378.1_73200491_73200621_Felis_catus,0.0839,0.0689,0.0147,281
OffNeg_NC_058378.1_73200491_73200621_Felis_catus,0.1758,0.1466,0.0288,281
OffPos_NC_058378.1_73200491_73200621_Felis_catus,0.1685,0.1447,0.0235,281
Shuf_NC_058378.1_73200491_73200621_Felis_catus,0.0905,0.0799,0.0102,281
NC_058379.1_17418763_17418926_Felis_catus,0.0855,0.0717,0.0135,314
OffNeg_NC_058379.1_17418763_17418926_Felis_catus,0.0930,0.0776,0.0150,314
OffPos_NC_058379.1_17418763_17418926_Felis_catus,0.0924,0.0758,0.0163,314
Shuf_NC_058379.1_17418763_17418926_Felis_catus,0.1047,0.0890,0.0154,314
NC_058379.1_35224252_35224105_Felis_catus,0.0859,0.0695,0.0162,298
OffNeg_NC_058379.1_35224252_35224105_Felis_catus,0.0941,0.0818,0.0119,298
OffPos_NC_058379.1_35224252_35224105_Felis_catus,0.0892,0.0770,0.0119,298
Shuf_NC_058379.1_35224252_35224105_Felis_catus,0.1182,0.0965,0.0213,298
NC_058379.1_651212_651422_Felis_catus,0.0933,0.0781,0.0148,361
OffNeg_NC_058379.1_651212_651422_Felis_catus,0.0927,0.0773,0.0151,361
OffPos_NC_058379.1_651212_651422_Felis_catus,0.0900,0.0779,0.0118,361
Shuf_NC_058379.1_651212_651422_Felis_catus,0.1078,0.0895,0.0179,361
NC_058380.1_22879077_22878976_Felis_catus,0.0840,0.0726,0.0110,252
OffNeg_NC_058380.1_22879077_22878976_Felis_catus,0.0913,0.0746,0.0163,252
OffPos_NC_058380.1_22879077_22878976_Felis_catus,0.0896,0.0757,0.0135,252
Shuf_NC_058380.1_22879077_22878976_Felis_catus,0.0948,0.0827,0.0119,252
NC_058381.1_25060815_25060982_Felis_catus,0.0899,0.0731,0.0165,318
OffNeg_NC_058381.1_25060815_25060982_Felis_catus,0.0918,0.0777,0.0139,318
OffPos_NC_058381.1_25060815_25060982_Felis_catus,0.0933,0.0766,0.0162,318
Shuf_NC_058381.1_25060815_25060982_Felis_catus,0.1074,0.0931,0.0139,318
NC_058381.1_42959876_42959748_Felis_catus,0.0904,0.0753,0.0147,279
OffNeg_NC_058381.1_42959876_42959748_Felis_catus,0.0904,0.0779,0.0121,279
OffPos_NC_058381.1_42959876_42959748_Felis_catus,0.1019,0.0872,0.0143,279
Shuf_NC_058381.1_42959876_42959748_Felis_catus,0.1023,0.0875,0.0142,279
NC_058381.1_60164808_60164920_Felis_catus,0.0818,0.0677,0.0139,263
OffNeg_NC_058381.1_60164808_60164920_Felis_catus,0.0910,0.0755,0.0153,263
OffPos_NC_058381.1_60164808_60164920_Felis_catus,0.1177,0.0961,0.0209,263
Shuf_NC_058381.1_60164808_60164920_Felis_catus,0.1307,0.1063,0.0240,263
NC_058382.1_11604984_11604830_Felis_catus,0.0891,0.0742,0.0146,305
OffNeg_NC_058382.1_11604984_11604830_Felis_catus,0.0916,0.0774,0.0139,305
OffPos_NC_058382.1_11604984_11604830_Felis_catus,0.1585,0.1297,0.0284,305
Shuf_NC_058382.1_11604984_11604830_Felis_catus,0.1078,0.0898,0.0177,305
NC_058383.1_18205704_18205512_Felis_catus,0.0983,0.0828,0.0151,343
OffNeg_NC_058383.1_18205704_18205512_Felis_catus,0.0929,0.0800,0.0125,343
OffPos_NC_058383.1_18205704_18205512_Felis_catus,0.1101,0.0927,0.0170,343
Shuf_NC_058383.1_18205704_18205512_Felis_catus,0.0907,0.0744,0.0159,343
NC_058383.1_25263853_25264062_Felis_catus,0.0879,0.0725,0.0151,360
OffNeg_NC_058383.1_25263853_25264062_Felis_catus,0.0944,0.0813,0.0127,360
OffPos_NC_058383.1_25263853_25264062_Felis_catus,0.0986,0.0872,0.0107,360
Shuf_NC_058383.1_25263853_25264062_Felis_catus,0.1016,0.0838,0.0175,360
NC_058383.1_33021097_33021251_Felis_catus,0.1016,0.0858,0.0154,305
OffNeg_NC_058383.1_33021097_33021251_Felis_catus,0.0954,0.0827,0.0124,305
OffPos_NC_058383.1_33021097_33021251_Felis_catus,0.1112,0.0922,0.0184,305
Shuf_NC_058383.1_33021097_33021251_Felis_catus,0.1033,0.0890,0.0140,305
NC_058383.1_36939665_36939516_Felis_catus,0.0935,0.0763,0.0169,300
OffNeg_NC_058383.1_36939665_36939516_Felis_catus,0.0913,0.0778,0.0131,300
OffPos_NC_058383.1_36939665_36939516_Felis_catus,0.1139,0.0952,0.0181,300
Shuf_NC_058383.1_36939665_36939516_Felis_catus,0.1295,0.1075,0.0215,300
NC_058383.1_39549713_39549887_Felis_catus,0.1059,0.0907,0.0148,325
OffNeg_NC_058383.1_39549713_39549887_Felis_catus,0.0953,0.0798,0.0151,325
OffPos_NC_058383.1_39549713_39549887_Felis_catus,0.1101,0.0934,0.0160,325
Shuf_NC_058383.1_39549713_39549887_Felis_catus,0.1219,0.1022,0.0191,325
NC_058383.1_41087595_41087478_Felis_catus,0.1018,0.0862,0.0152,268
OffNeg_NC_058383.1_41087595_41087478_Felis_catus,0.0926,0.0807,0.0116,268
OffPos_NC_058383.1_41087595_41087478_Felis_catus,0.0890,0.0763,0.0125,268
Shuf_NC_058383.1_41087595_41087478_Felis_catus,0.1205,0.1033,0.0167,268
NC_058384.1_22254774_22254603_Felis_catus,0.1032,0.0837,0.0191,322
OffNeg_NC_058384.1_22254774_22254603_Felis_catus,0.0990,0.0863,0.0123,322
OffPos_NC_058384.1_22254774_22254603_Felis_catus,0.0920,0.0760,0.0157,322
Shuf_NC_058384.1_22254774_22254603_Felis_catus,0.1006,0.0846,0.0156,322
NC_058385.1_63552579_63552488_Felis_catus,0.0996,0.0817,0.0174,242
OffNeg_NC_058385.1_63552579_63552488_Felis_catus,0.0928,0.0802,0.0123,242
OffPos_NC_058385.1_63552579_63552488_Felis_catus,0.0942,0.0793,0.0146,242
Shuf_NC_058385.1_63552579_63552488_Felis_catus,0.1060,0.0879,0.0177,242
NC_058385.1_73528337_73528499_Felis_catus,0.1068,0.0843,0.0220,313
OffNeg_NC_058385.1_73528337_73528499_Felis_catus,0.0930,0.0788,0.0139,313
OffPos_NC_058385.1_73528337_73528499_Felis_catus,0.0987,0.0864,0.0120,313
Shuf_NC_058385.1_73528337_73528499_Felis_catus,0.1791,0.1531,0.0256,313
NC_058386.1_126333243_126333483_Felis_catus,0.1015,0.0839,0.0171,391
OffNeg_NC_058386.1_126333243_126333483_Felis_catus,0.0942,0.0800,0.0139,391
OffPos_NC_058386.1_126333243_126333483_Felis_catus,0.1168,0.0955,0.0205,391
Shuf_NC_058386.1_126333243_126333483_Felis_catus,0.1324,0.1089,0.0230,391
NC_058386.1_36292414_36292523_Felis_catus,0.1061,0.0901,0.0156,260
OffNeg_NC_058386.1_36292414_36292523_Felis_catus,0.0924,0.0770,0.0151,260
OffPos_NC_058386.1_36292414_36292523_Felis_catus,0.1196,0.0988,0.0199,260
Shuf_NC_058386.1_36292414_36292523_Felis_catus,0.1422,0.1160,0.0258,260
NC_058386.1_64692436_64692304_Felis_catus,0.1148,0.0929,0.0216,283
OffNeg_NC_058386.1_64692436_64692304_Felis_catus,0.0948,0.0826,0.0118,283
OffPos_NC_058386.1_64692436_64692304_Felis_catus,0.0989,0.0856,0.0128,283
Shuf_NC_058386.1_64692436_64692304_Felis_catus,0.1094,0.0900,0.0191,283
NW_025408547.1_83397_83190_Felis_catus,0.0939,0.0816,0.0119,358
OffNeg_NW_025408547.1_83397_83190_Felis_catus,0.1742,0.1492,0.0246,358
OffPos_NW_025408547.1_83397_83190_Felis_catus,0.0922,0.0755,0.0164,358
Shuf_NW_025408547.1_83397_83190_Felis_catus,0.0922,0.0786,0.0132,358
