NC_058368.1_116528275_116528466_Felis_catus,0.0210,0.0139,0.0040,342
OffNeg_NC_058368.1_116528275_116528466_Felis_catus,0.0200,0.0139,0.0061,342
OffPos_NC_058368.1_116528275_116528466_Felis_catus,0.0166,0.0107,0.0058,342
Shuf_NC_058368.1_116528275_116528466_Felis_catus,0.0168,0.0115,0.0054,342
NC_058368.1_172166056_172166220_Felis_catus,0.0166,0.0117,0.0048,315
OffNeg_NC_058368.1_172166056_172166220_Felis_catus,0.0182,0.0120,0.0061,315
OffPos_NC_058368.1_172166056_172166220_Felis_catus,0.0160,0.0117,0.0043,315
Shuf_NC_058368.1_172166056_172166220_Felis_catus,0.0206,0.0139,0.0068,315
NC_058368.1_208424642_208424545_Felis_catus,0.0172,0.0123,0.0049,248
OffNeg_NC_058368.1_208424642_208424545_Felis_catus,0.0186,0.0145,0.0040,248
OffPos_NC_058368.1_208424642_208424545_Felis_catus,0.0215,0.0170,0.0044,248
Shuf_NC_058368.1_208424642_208424545_Felis_catus,0.0206,0.0158,0.0048,248
NC_058369.1_15588874_15588968_Felis_catus,0.0169,0.0130,0.0038,245
OffNeg_NC_058369.1_15588874_15588968_Felis_catus,0.0189,0.0111,0.0078,245
OffPos_NC_058369.1_15588874_15588968_Felis_catus,0.0216,0.0145,0.0071,245
Shuf_NC_058369.1_15588874_15588968_Felis_catus,0.0171,0.0109,0.0062,245
NC_058369.1_16281671_16281504_Felis_catus,0.0173,0.0137,0.0035,318
OffNeg_NC_058369.1_16281671_16281504_Felis_catus,0.0199,0.0147,0.0053,318
OffPos_NC_058369.1_16281671_16281504_Felis_catus,0.0172,0.0136,0.0035,318
Shuf_NC_058369.1_16281671_16281504_Felis_catus,0.0178,0.0135,0.0043,318
NC_058369.1_21060612_21060714_Felis_catus,0.0180,0.0132,0.0048,253
OffNeg_NC_058369.1_21060612_21060714_Felis_catus,0.0192,0.0133,0.0058,253
OffPos_NC_058369.1_21060612_21060714_Felis_catus,0.0167,0.0135,0.0032,253
Shuf_NC_058369.1_21060612_21060714_Felis_catus,0.0195,0.0145,0.0050,253
NC_058369.1_53680116_53679988_Felis_catus,0.0198,0.0130,0.0068,279
OffNeg_NC_058369.1_53680116_53679988_Felis_catus,0.0172,0.0123,0.0050,279
OffPos_NC_058369.1_53680116_53679988_Felis_catus,0.0163,0.0103,0.0060,279
Shuf_NC_058369.1_53680116_53679988_Felis_catus,0.0206,0.0153,0.0053,279
NC_058370.1_29451270_29451137_Felis_catus,0.0151,0.0122,0.0030,284
OffNeg_NC_058370.1_29451270_29451137_Felis_catus,0.0169,0.0112,0.0057,284
OffPos_NC_058370.1_29451270_29451137_Felis_catus,0.0184,0.0144,0.0040,284
Shuf_NC_058370.1_29451270_29451137_Felis_catus,0.0196,0.0157,0.0038,284
NC_058370.1_29549974_29549794_Felis_catus,0.0146,0.0107,0.0039,331
OffNeg_NC_058370.1_29549974_29549794_Felis_catus,0.0197,0.0138,0.0059,331
OffPos_NC_058370.1_29549974_29549794_Felis_catus,0.0184,0.0126,0.0059,331
Shuf_NC_058370.1_29549974_29549794_Felis_catus,0.0171,0.0124,0.0047,331
NC_058370.1_66505356_66505540_Felis_catus,0.0184,0.0131,0.0053,335
OffNeg_NC_058370.1_66505356_66505540_Felis_catus,0.0193,0.0128,0.0065,335
OffPos_NC_058370.1_66505356_66505540_Felis_catus,0.0165,0.0101,0.0064,335
Shuf_NC_058370.1_66505356_66505540_Felis_catus,0.0173,0.0118,0.0056,335
NC_058371.1_113046269_113046120_Felis_catus,0.0211,0.0111,0.0099,300
OffNeg_NC_058371.1_113046269_113046120_Felis_catus,0.0196,0.0120,0.0075,300
OffPos_NC_058371.1_113046269_113046120_Felis_catus,0.0155,0.0107,0.0048,300
Shuf_NC_058371.1_113046269_113046120_Felis_catus,0.0209,0.0151,0.0058,300
NC_058371.1_172687847_172687745_Felis_catus,0.0176,0.0110,0.0066,253
OffNeg_NC_058371.1_172687847_172687745_Felis_catus,0.0169,0.0107,0.0062,253
OffPos_NC_058371.1_172687847_172687745_Felis_catus,0.0164,0.0121,0.0043,253
Shuf_NC_058371.1_172687847_172687745_Felis_catus,0.0205,0.0146,0.0059,253
NC_058371.1_184811454_184811280_Felis_catus,0.0157,0.0097,0.0059,325
OffNeg_NC_058371.1_184811454_184811280_Felis_catus,0.0173,0.0130,0.0043,325
OffPos_NC_058371.1_184811454_184811280_Felis_catus,0.0216,0.0177,0.0039,325
Shuf_NC_058371.1_184811454_184811280_Felis_catus,0.0185,0.0134,0.0050,325
NC_058371.1_58657020_58656939_Felis_catus,0.0152,0.0095,0.0057,232
OffNeg_NC_058371.1_58657020_58656939_Felis_catus,0.0199,0.0124,0.0075,232
OffPos_NC_058371.1_58657020_58656939_Felis_catus,0.0177,0.0110,0.0067,232
Shuf_NC_058371.1_58657020_58656939_Felis_catus,0.0176,0.0136,0.0041,232
NC_058372.1_151655498_151655579_Felis_catus,0.0202,0.0144,0.0057,232
OffNeg_NC_058372.1_151655498_151655579_Felis_catus,0.0208,0.0157,0.0052,232
OffPos_NC_058372.1_151655498_151655579_Felis_catus,0.0170,0.0115,0.0055,232
Shuf_NC_058372.1_151655498_151655579_Felis_catus,0.0181,0.0138,0.0043,232
NC_058372.1_1995251_1995369_Felis_catus,0.0201,0.0137,0.0064,269
OffNeg_NC_058372.1_1995251_1995369_Felis_catus,0.0192,0.0146,0.0045,269
OffPos_NC_058372.1_1995251_1995369_Felis_catus,0.0163,0.0119,0.0043,269
Shuf_NC_058372.1_1995251_1995369_Felis_catus,0.0209,0.0151,0.0058,269
NC_058372.1_80164392_80164275_Felis_catus,0.0173,0.0129,0.0044,268
OffNeg_NC_058372.1_80164392_80164275_Felis_catus,0.0163,0.0124,0.0039,268
OffPos_NC_058372.1_80164392_80164275_Felis_catus,0.0160,0.0145,0.0016,268
Shuf_NC_058372.1_80164392_80164275_Felis_catus,0.0193,0.0143,0.0050,268
NC_058373.1_1393053_1392945_Felis_catus,0.0149,0.0105,0.0043,259
OffNeg_NC_058373.1_1393053_1392945_Felis_catus,0.0183,0.0139,0.0044,259
OffPos_NC_058373.1_1393053_1392945_Felis_catus,0.0199,0.0172,0.0027,259
Shuf_NC_058373.1_1393053_1392945_Felis_catus,0.0174,0.0124,0.0050,259
NC_058373.1_36084935_36084838_Felis_catus,0.0147,0.0102,0.0044,248
OffNeg_NC_058373.1_36084935_36084838_Felis_catus,0.0203,0.0137,0.0066,248
OffPos_NC_058373.1_36084935_36084838_Felis_catus,0.0178,0.0127,0.0051,248
Shuf_NC_058373.1_36084935_36084838_Felis_catus,0.0193,0.0151,0.0042,248
NC_058373.1_73818294_73818015_Felis_catus,0.0198,0.0147,0.0051,430
OffNeg_NC_058373.1_73818294_73818015_Felis_catus,0.0211,0.0168,0.0043,430
OffPos_NC_058373.1_73818294_73818015_Felis_catus,0.0174,0.0126,0.0048,430
Shuf_NC_058373.1_73818294_73818015_Felis_catus,0.0195,0.0115,0.0080,430
NC_058374.1_103628592_103628739_Felis_catus,0.0200,0.0139,0.0060,298
OffNeg_NC_058374.1_103628592_103628739_Felis_catus,0.0178,0.0149,0.0029,298
OffPos_NC_058374.1_103628592_103628739_Felis_catus,0.0156,0.0097,0.0058,298
Shuf_NC_058374.1_103628592_103628739_Felis_catus,0.0189,0.0118,0.0071,298
NC_058374.1_67950828_67950947_Felis_catus,0.0180,0.0118,0.0062,270
OffNeg_NC_058374.1_67950828_67950947_Felis_catus,0.0171,0.0103,0.0068,270
OffPos_NC_058374.1_67950828_67950947_Felis_catus,0.0169,0.0132,0.0037,270
Shuf_NC_058374.1_67950828_67950947_Felis_catus,0.0189,0.0146,0.0044,270
NC_058374.1_78705628_78705997_Felis_catus,0.0144,0.0110,0.0034,520
OffNeg_NC_058374.1_78705628_78705997_Felis_catus,0.0194,0.0162,0.0033,520
OffPos_NC_058374.1_78705628_78705997_Felis_catus,0.0189,0.0134,0.0055,520
Shuf_NC_058374.1_78705628_78705997_Felis_catus,0.0171,0.0122,0.0049,520
NC_058375.1_11733098_11732912_Felis_catus,0.0150,0.0107,0.0043,337
OffNeg_NC_058375.1_11733098_11732912_Felis_catus,0.0196,0.0168,0.0027,337
OffPos_NC_058375.1_11733098_11732912_Felis_catus,0.0187,0.0152,0.0036,337
Shuf_NC_058375.1_11733098_11732912_Felis_catus,0.0179,0.0140,0.0039,337
NC_058375.1_77365515_77365426_Felis_catus,0.0201,0.0150,0.0051,240
OffNeg_NC_058375.1_77365515_77365426_Felis_catus,0.0179,0.0127,0.0052,240
OffPos_NC_058375.1_77365515_77365426_Felis_catus,0.0172,0.0118,0.0054,240
Shuf_NC_058375.1_77365515_77365426_Felis_catus,0.0192,0.0161,0.0032,240
NC_058376.1_151800662_151800767_Felis_catus,0.0191,0.0143,0.0048,256
OffNeg_NC_058376.1_151800662_151800767_Felis_catus,0.0163,0.0115,0.0049,256
OffPos_NC_058376.1_151800662_151800767_Felis_catus,0.0158,0.0106,0.0052,256
Shuf_NC_058376.1_151800662_151800767_Felis_catus,0.0191,0.0160,0.0032,256
NC_058376.1_3300723_3300867_Felis_catus,0.0180,0.0131,0.0047,295
OffNeg_NC_058376.1_3300723_3300867_Felis_catus,0.0178,0.0142,0.0036,295
OffPos_NC_058376.1_3300723_3300867_Felis_catus,0.0171,0.0135,0.0036,295
Shuf_NC_058376.1_3300723_3300867_Felis_catus,0.0177,0.0116,0.0060,295
NC_058377.1_103612669_103611721_Felis_catus,0.0148,0.0112,0.0036,1099
OffNeg_NC_058377.1_103612669_103611721_Felis_catus,0.0205,0.0130,0.0074,1099
OffPos_NC_058377.1_103612669_103611721_Felis_catus,0.0184,0.0115,0.0068,1099
Shuf_NC_058377.1_103612669_103611721_Felis_catus,0.0174,0.0140,0.0034,1099
NC_058377.1_108837965_108837814_Felis_catus,0.0150,0.0107,0.0043,302
OffNeg_NC_058377.1_108837965_108837814_Felis_catus,0.0195,0.0127,0.0069,302
OffPos_NC_058377.1_108837965_108837814_Felis_catus,0.0177,0.0147,0.0030,302
Shuf_NC_058377.1_108837965_108837814_Felis_catus,0.0194,0.0133,0.0061,302
NC_058377.1_109305745_109305865_Felis_catus,0.0195,0.0140,0.0056,271
OffNeg_NC_058377.1_109305745_109305865_Felis_catus,0.0179,0.0109,0.0070,271
OffPos_NC_058377.1_109305745_109305865_Felis_catus,0.0173,0.0118,0.0055,271
Shuf_NC_058377.1_109305745_109305865_Felis_catus,0.0208,0.0158,0.0050,271
NC_058377.1_25633978_25634182_Felis_catus,0.0213,0.0155,0.0058,355
OffNeg_NC_058377.1_25633978_25634182_Felis_catus,0.0156,0.0101,0.0055,355
OffPos_NC_058377.1_25633978_25634182_Felis_catus,0.0160,0.0132,0.0027,355
Shuf_NC_058377.1_25633978_25634182_Felis_catus,0.0196,0.0161,0.0036,355
NC_058377.1_54477174_54477318_Felis_catus,0.0169,0.0133,0.0036,295
OffNeg_NC_058377.1_54477174_54477318_Felis_catus,0.0197,0.0162,0.0035,295
OffPos_NC_058377.1_54477174_54477318_Felis_catus,0.0163,0.0105,0.0057,295
Shuf_NC_058377.1_54477174_54477318_Felis_catus,0.0174,0.0131,0.0043,295
NC_058377.1_60701145_60700182_Felis_catus,0.0161,0.0135,0.0026,1114
OffNeg_NC_058377.1_60701145_60700182_Felis_catus,0.0207,0.0165,0.0041,1114
OffPos_NC_058377.1_60701145_60700182_Felis_catus,0.0195,0.0136,0.0059,1114
Shuf_NC_058377.1_60701145_60700182_Felis_catus,0.0179,0.0122,0.0056,1114
NC_058377.1_99239659_99239810_Felis_catus,0.0153,0.0111,0.0042,302
OffNeg_NC_058377.1_99239659_99239810_Felis_catus,0.0192,0.0130,0.0062,302
OffPos_NC_058377.1_99239659_99239810_Felis_catus,0.0181,0.0126,0.0054,302
Shuf_NC_058377.1_99239659_99239810_Felis_catus,0.0197,0.0155,0.0042,302
NC_058378.1_18890239_18890449_Felis_catus,0.0189,0.0149,0.0039,361
OffNeg_NC_058378.1_18890239_18890449_Felis_catus,0.0175,0.0133,0.0042,361
OffPos_NC_058378.1_18890239_18890449_Felis_catus,0.0173,0.0141,0.0032,361
Shuf_NC_058378.1_18890239_18890449_Felis_catus,0.0201,0.0142,0.0059,361
NC_058378.1_30277566_30277678_Felis_catus,0.0170,0.0125,0.0045,263
OffNeg_NC_058378.1_30277566_30277678_Felis_catus,0.0162,0.0139,0.0022,263
OffPos_NC_058378.1_30277566_30277678_Felis_catus,0.0165,0.0119,0.0047,263
Shuf_NC_058378.1_30277566_30277678_Felis_catus,0.0184,0.0131,0.0053,263
NC_058378.1_35555744_35555933_Felis_catus,0.0186,0.0142,0.0044,340
OffNeg_NC_058378.1_35555744_35555933_Felis_catus,0.0200,0.0139,0.0062,340
OffPos_NC_058378.1_35555744_35555933_Felis_catus,0.0165,0.0122,0.0042,340
Shuf_NC_058378.1_35555744_35555933_Felis_catus,0.0169,0.0148,0.0020,340
NC_058378.1_54955060_54954864_Felis_catus,0.0157,0.0119,0.0038,347
OffNeg_NC_058378.1_54955060_54954864_Felis_catus,0.0220,0.0142,0.0078,347
OffPos_NC_058378.1_54955060_54954864_Felis_catus,0.0187,0.0125,0.0062,347
Shuf_NC_058378.1_54955060_54954864_Felis_catus,0.0185,0.0170,0.0014,347
NC_058378.1_73200491_73200621_Felis_catus,0.0156,0.0116,0.0040,281
OffNeg_NC_058378.1_73200491_73200621_Felis_catus,0.0212,0.0152,0.0060,281
OffPos_NC_058378.1_73200491_73200621_Felis_catus,0.0203,0.0148,0.0055,281
Shuf_NC_058378.1_73200491_73200621_Felis_catus,0.0197,0.0105,0.0092,281
NC_058379.1_17418763_17418926_Felis_catus,0.0192,0.0124,0.0068,314
OffNeg_NC_058379.1_17418763_17418926_Felis_catus,0.0159,0.0111,0.0048,314
OffPos_NC_058379.1_17418763_17418926_Felis_catus,0.0167,0.0131,0.0035,314
Shuf_NC_058379.1_17418763_17418926_Felis_catus,0.0221,0.0159,0.0062,314
NC_058379.1_35224252_35224105_Felis_catus,0.0188,0.0129,0.0058,298
OffNeg_NC_058379.1_35224252_35224105_Felis_catus,0.0179,0.0142,0.0037,298
OffPos_NC_058379.1_35224252_35224105_Felis_catus,0.0152,0.0101,0.0051,298
Shuf_NC_058379.1_35224252_35224105_Felis_catus,0.0177,0.0137,0.0040,298
NC_058379.1_651212_651422_Felis_catus,0.0184,0.0150,0.0034,361
OffNeg_NC_058379.1_651212_651422_Felis_catus,0.0249,0.0178,0.0071,361
OffPos_NC_058379.1_651212_651422_Felis_catus,0.0163,0.0103,0.0060,361
Shuf_NC_058379.1_651212_651422_Felis_catus,0.0178,0.0139,0.0039,361
NC_058380.1_22879077_22878976_Felis_catus,0.0161,0.0103,0.0058,252
OffNeg_NC_058380.1_22879077_22878976_Felis_catus,0.0192,0.0132,0.0060,252
OffPos_NC_058380.1_22879077_22878976_Felis_catus,0.0185,0.0125,0.0059,252
Shuf_NC_058380.1_22879077_22878976_Felis_catus,0.0203,0.0156,0.0047,252
NC_058381.1_25060815_25060982_Felis_catus,0.0155,0.0098,0.0057,318
OffNeg_NC_058381.1_25060815_25060982_Felis_catus,0.0157,0.0110,0.0047,318
OffPos_NC_058381.1_25060815_25060982_Felis_catus,0.0184,0.0140,0.0043,318
Shuf_NC_058381.1_25060815_25060982_Felis_catus,0.0211,0.0147,0.0064,318
NC_058381.1_42959876_42959748_Felis_catus,0.0177,0.0131,0.0047,279
OffNeg_NC_058381.1_42959876_42959748_Felis_catus,0.0198,0.0132,0.0066,279
OffPos_NC_058381.1_42959876_42959748_Felis_catus,0.0177,0.0107,0.0069,279
Shuf_NC_058381.1_42959876_42959748_Felis_catus,0.0191,0.0141,0.0050,279
NC_058381.1_60164808_60164920_Felis_catus,0.0191,0.0143,0.0048,263
OffNeg_NC_058381.1_60164808_60164920_Felis_catus,0.0204,0.0117,0.0087,263
OffPos_NC_058381.1_60164808_60164920_Felis_catus,0.0153,0.0111,0.0042,263
Shuf_NC_058381.1_60164808_60164920_Felis_catus,0.0173,0.0124,0.0049,263
NC_058382.1_11604984_11604830_Felis_catus,0.0199,0.0138,0.0060,305
OffNeg_NC_058382.1_11604984_11604830_Felis_catus,0.0297,0.0217,0.0080,305
OffPos_NC_058382.1_11604984_11604830_Felis_catus,0.0179,0.0126,0.0052,305
Shuf_NC_058382.1_11604984_11604830_Felis_catus,0.0177,0.0149,0.0028,305
NC_058383.1_18205704_18205512_Felis_catus,0.0162,0.0110,0.0052,343
OffNeg_NC_058383.1_18205704_18205512_Felis_catus,0.0200,0.0125,0.0076,343
OffPos_NC_058383.1_18205704_18205512_Felis_catus,0.0199,0.0149,0.0050,343
Shuf_NC_058383.1_18205704_18205512_Felis_catus,0.0200,0.0142,0.0058,343
NC_058383.1_25263853_25264062_Felis_catus,0.0158,0.0118,0.0040,360
OffNeg_NC_058383.1_25263853_25264062_Felis_catus,0.0234,0.0161,0.0073,360
OffPos_NC_058383.1_25263853_25264062_Felis_catus,0.0200,0.0116,0.0084,360
Shuf_NC_058383.1_25263853_25264062_Felis_catus,0.0192,0.0134,0.0058,360
NC_058383.1_33021097_33021251_Felis_catus,0.0182,0.0124,0.0058,305
OffNeg_NC_058383.1_33021097_33021251_Felis_catus,0.0308,0.0210,0.0098,305
OffPos_NC_058383.1_33021097_33021251_Felis_catus,0.0182,0.0135,0.0047,305
Shuf_NC_058383.1_33021097_33021251_Felis_catus,0.0175,0.0121,0.0054,305
NC_058383.1_36939665_36939516_Felis_catus,0.0187,0.0138,0.0049,300
OffNeg_NC_058383.1_36939665_36939516_Felis_catus,0.0261,0.0184,0.0077,300
OffPos_NC_058383.1_36939665_36939516_Felis_catus,0.0177,0.0132,0.0046,300
Shuf_NC_058383.1_36939665_36939516_Felis_catus,0.0167,0.0116,0.0050,300
NC_058383.1_39549713_39549887_Felis_catus,0.0194,0.0142,0.0052,325
OffNeg_NC_058383.1_39549713_39549887_Felis_catus,0.0192,0.0136,0.0056,325
OffPos_NC_058383.1_39549713_39549887_Felis_catus,0.0187,0.0139,0.0049,325
Shuf_NC_058383.1_39549713_39549887_Felis_catus,0.0184,0.0125,0.0059,325
NC_058383.1_41087595_41087478_Felis_catus,0.0175,0.0131,0.0044,268
OffNeg_NC_058383.1_41087595_41087478_Felis_catus,0.0218,0.0169,0.0049,268
OffPos_NC_058383.1_41087595_41087478_Felis_catus,0.0186,0.0121,0.0064,268
Shuf_NC_058383.1_41087595_41087478_Felis_catus,0.0182,0.0141,0.0041,268
NC_058384.1_22254774_22254603_Felis_catus,0.0169,0.0113,0.0056,322
OffNeg_NC_058384.1_22254774_22254603_Felis_catus,0.0205,0.0137,0.0068,322
OffPos_NC_058384.1_22254774_22254603_Felis_catus,0.0207,0.0151,0.0058,322
Shuf_NC_058384.1_22254774_22254603_Felis_catus,0.0196,0.0124,0.0072,322
NC_058385.1_63552579_63552488_Felis_catus,0.0180,0.0121,0.0058,242
OffNeg_NC_058385.1_63552579_63552488_Felis_catus,0.0186,0.0131,0.0055,242
OffPos_NC_058385.1_63552579_63552488_Felis_catus,0.0179,0.0136,0.0043,242
Shuf_NC_058385.1_63552579_63552488_Felis_catus,0.0161,0.0103,0.0059,242
NC_058385.1_73528337_73528499_Felis_catus,0.0181,0.0134,0.0047,313
OffNeg_NC_058385.1_73528337_73528499_Felis_catus,0.0166,0.0115,0.0051,313
OffPos_NC_058385.1_73528337_73528499_Felis_catus,0.0156,0.0097,0.0059,313
Shuf_NC_058385.1_73528337_73528499_Felis_catus,0.0163,0.0133,0.0030,313
NC_058386.1_126333243_126333483_Felis_catus,0.0180,0.0125,0.0055,391
OffNeg_NC_058386.1_126333243_126333483_Felis_catus,0.0169,0.0104,0.0065,391
OffPos_NC_058386.1_126333243_126333483_Felis_catus,0.0207,0.0155,0.0053,391
Shuf_NC_058386.1_126333243_126333483_Felis_catus,0.0198,0.0146,0.0052,391
NC_058386.1_36292414_36292523_Felis_catus,0.0159,0.0138,0.0020,260
OffNeg_NC_058386.1_36292414_36292523_Felis_catus,0.0202,0.0137,0.0065,260
OffPos_NC_058386.1_36292414_36292523_Felis_catus,0.0201,0.0122,0.0078,260
Shuf_NC_058386.1_36292414_36292523_Felis_catus,0.0214,0.0145,0.0069,260
NC_058386.1_64692436_64692304_Felis_catus,0.0168,0.0105,0.0063,283
OffNeg_NC_058386.1_64692436_64692304_Felis_catus,0.0190,0.0130,0.0060,283
OffPos_NC_058386.1_64692436_64692304_Felis_catus,0.0197,0.0135,0.0062,283
Shuf_NC_058386.1_64692436_64692304_Felis_catus,0.0189,0.0158,0.0031,283
NW_025408547.1_83397_83190_Felis_catus,0.0189,0.0129,0.0060,358
OffNeg_NW_025408547.1_83397_83190_Felis_catus,0.0181,0.0137,0.0043,358
OffPos_NW_025408547.1_83397_83190_Felis_catus,0.0165,0.0118,0.0047,358
Shuf_NW_025408547.1_83397_83190_Felis_catus,0.0163,0.0111,0.0052,358
