OffNeg_NC_058368.1_116528275_116528466_aligned,112.6630,112.6210,0.8490,342
NC_058368.1_116528275_116528466_aligned,17.4270,17.8000,0.5090,342
OffPos_NC_058368.1_116528275_116528466_aligned,103.6130,103.6820,0.8560,342
Shuf_NC_058368.1_116528275_116528466_aligned,13.2100,13.6060,0.5860,342
NC_058368.1_172166056_172166220_aligned,18.4500,18.8010,0.5430,315
OffPos_NC_058368.1_172166056_172166220_aligned,96.7800,96.9570,0.7090,315
OffNeg_NC_058368.1_172166056_172166220_aligned,84.9810,85.2110,0.7340,315
Shuf_NC_058368.1_172166056_172166220_aligned,12.0320,12.3770,0.6410,315
OffPos_NC_058368.1_208424642_208424545_aligned,70.0970,70.3480,0.6800,248
NC_058368.1_208424642_208424545_aligned,12.2830,12.5990,0.5770,248
OffNeg_NC_058368.1_208424642_208424545_aligned,81.9080,82.0760,0.7530,248
Shuf_NC_058368.1_208424642_208424545_aligned,11.4290,11.8250,0.5990,248
OffNeg_NC_058369.1_15588874_15588968_aligned,67.3830,67.6610,0.7040,245
NC_058369.1_15588874_15588968_aligned,12.4450,12.7670,0.5690,245
OffPos_NC_058369.1_15588874_15588968_aligned,70.8080,71.0900,0.6910,245
Shuf_NC_058369.1_15588874_15588968_aligned,11.3730,11.7140,0.6410,245
OffNeg_NC_058369.1_16281671_16281504_aligned,13.8700,14.2050,0.5920,318
OffPos_NC_058369.1_16281671_16281504_aligned,20.0870,20.4130,0.5840,318
NC_058369.1_16281671_16281504_aligned,14.1150,14.4730,0.6100,318
Shuf_NC_058369.1_16281671_16281504_aligned,12.8370,13.2470,0.5720,318
NC_058369.1_21060612_21060714_aligned,10.2870,10.6410,0.6230,253
OffNeg_NC_058369.1_21060612_21060714_aligned,10.2870,10.6470,0.6440,253
OffPos_NC_058369.1_21060612_21060714_aligned,12.3690,12.6610,0.5130,253
Shuf_NC_058369.1_21060612_21060714_aligned,10.4960,10.8690,0.6200,253
OffPos_NC_058369.1_53680116_53679988_aligned,76.6270,76.8710,0.7290,279
OffNeg_NC_058369.1_53680116_53679988_aligned,78.6740,78.9870,0.6840,279
NC_058369.1_53680116_53679988_aligned,13.9320,14.2260,0.5220,279
Shuf_NC_058369.1_53680116_53679988_aligned,11.9020,12.3160,0.5930,279
OffNeg_NC_058370.1_29451270_29451137_aligned,15.4840,15.8260,0.5240,284
NC_058370.1_29451270_29451137_aligned,13.6450,13.9920,0.5760,284
OffPos_NC_058370.1_29451270_29451137_aligned,90.2880,90.4910,0.6660,284
Shuf_NC_058370.1_29451270_29451137_aligned,12.2140,12.6340,0.5850,284
OffNeg_NC_058370.1_29549974_29549794_aligned,16.7820,17.1520,0.6080,331
NC_058370.1_29549974_29549794_aligned,12.5770,12.9560,0.5910,331
OffPos_NC_058370.1_29549974_29549794_aligned,106.0500,106.0890,0.5550,331
Shuf_NC_058370.1_29549974_29549794_aligned,13.0770,13.5010,0.5450,331
NC_058370.1_66505356_66505540_aligned,12.9780,13.3440,0.6100,335
OffNeg_NC_058370.1_66505356_66505540_aligned,108.0920,108.2970,0.6930,335
OffPos_NC_058370.1_66505356_66505540_aligned,100.5690,100.6660,0.7150,335
Shuf_NC_058370.1_66505356_66505540_aligned,12.9590,13.3400,0.6190,335
NC_058371.1_113046269_113046120_aligned,11.6280,12.0210,0.6100,300
OffPos_NC_058371.1_113046269_113046120_aligned,94.1060,94.3380,0.6730,300
OffNeg_NC_058371.1_113046269_113046120_aligned,106.0050,106.2310,0.7500,300
Shuf_NC_058371.1_113046269_113046120_aligned,11.9290,12.2540,0.5610,300
NC_058371.1_172687847_172687745_aligned,11.2450,11.5930,0.5840,253
OffPos_NC_058371.1_172687847_172687745_aligned,84.4780,84.7030,0.6890,253
OffNeg_NC_058371.1_172687847_172687745_aligned,85.5560,85.7340,0.6460,253
Shuf_NC_058371.1_172687847_172687745_aligned,10.9710,11.3670,0.5850,253
NC_058371.1_184811454_184811280_aligned,12.6500,12.9800,0.6020,325
OffPos_NC_058371.1_184811454_184811280_aligned,93.3720,93.5800,0.7220,325
OffNeg_NC_058371.1_184811454_184811280_aligned,83.2520,83.5140,0.7420,325
Shuf_NC_058371.1_184811454_184811280_aligned,12.6240,13.0530,0.5530,325
OffPos_NC_058371.1_58657020_58656939_aligned,63.8730,64.0910,0.7580,232
OffNeg_NC_058371.1_58657020_58656939_aligned,75.6830,75.9100,0.6680,232
NC_058371.1_58657020_58656939_aligned,13.7240,14.0260,0.6250,232
Shuf_NC_058371.1_58657020_58656939_aligned,11.0640,11.4330,0.6090,232
OffNeg_NC_058372.1_151655498_151655579_aligned,68.4090,68.5640,0.8060,232
OffPos_NC_058372.1_151655498_151655579_aligned,83.4930,83.6460,0.6100,232
NC_058372.1_151655498_151655579_aligned,12.4670,12.7830,0.5530,232
Shuf_NC_058372.1_151655498_151655579_aligned,11.0490,11.4090,0.5810,232
OffPos_NC_058372.1_1995251_1995369_aligned,101.0950,101.0460,0.8570,269
NC_058372.1_1995251_1995369_aligned,22.2720,22.4590,0.5800,269
OffNeg_NC_058372.1_1995251_1995369_aligned,58.9980,59.2030,0.6010,269
Shuf_NC_058372.1_1995251_1995369_aligned,20.2540,20.5070,0.7280,269
NC_058372.1_80164392_80164275_aligned,11.2330,11.5100,0.5160,268
OffNeg_NC_058372.1_80164392_80164275_aligned,83.9930,84.2080,0.6980,268
OffPos_NC_058372.1_80164392_80164275_aligned,46.1640,46.3970,0.7650,268
Shuf_NC_058372.1_80164392_80164275_aligned,11.5450,11.8940,0.6420,268
NC_058373.1_1393053_1392945_aligned,14.4300,14.7010,0.5770,259
OffNeg_NC_058373.1_1393053_1392945_aligned,95.4910,95.6000,0.6460,259
OffPos_NC_058373.1_1393053_1392945_aligned,68.7860,69.0230,0.7490,259
Shuf_NC_058373.1_1393053_1392945_aligned,11.6280,11.9950,0.6350,259
OffNeg_NC_058373.1_36084935_36084838_aligned,93.9530,93.9530,0.8040,248
OffPos_NC_058373.1_36084935_36084838_aligned,101.6720,101.8320,0.7670,248
NC_058373.1_36084935_36084838_aligned,11.7550,12.0610,0.5810,248
Shuf_NC_058373.1_36084935_36084838_aligned,10.0830,10.5110,0.5760,248
NC_058373.1_73818294_73818015_aligned,15.6700,16.0440,0.5380,430
OffPos_NC_058373.1_73818294_73818015_aligned,27.5020,27.8160,0.5090,430
OffNeg_NC_058373.1_73818294_73818015_aligned,21.4950,21.7780,0.6080,430
Shuf_NC_058373.1_73818294_73818015_aligned,15.0230,15.4170,0.5810,430
OffPos_NC_058374.1_103628592_103628739_aligned,121.7830,121.8670,0.7600,298
NC_058374.1_103628592_103628739_aligned,12.0590,12.4460,0.5900,298
OffNeg_NC_058374.1_103628592_103628739_aligned,11.9140,12.3150,0.5970,298
Shuf_NC_058374.1_103628592_103628739_aligned,11.6120,11.9760,0.6080,298
NC_058374.1_67950828_67950947_aligned,10.5560,10.9330,0.5270,270
OffNeg_NC_058374.1_67950828_67950947_aligned,113.6200,113.8350,0.6640,270
OffPos_NC_058374.1_67950828_67950947_aligned,14.0620,14.4610,0.5680,270
Shuf_NC_058374.1_67950828_67950947_aligned,11.3430,11.6700,0.6530,270
OffNeg_NC_058374.1_78705628_78705997_aligned,143.0470,143.1270,0.8490,520
OffPos_NC_058374.1_78705628_78705997_aligned,206.3250,206.3050,0.7100,520
NC_058374.1_78705628_78705997_aligned,22.3900,22.7240,0.5530,520
Shuf_NC_058374.1_78705628_78705997_aligned,18.0880,18.4910,0.5780,520
NC_058375.1_11733098_11732912_aligned,25.2280,25.4860,0.7360,337
OffNeg_NC_058375.1_11733098_11732912_aligned,18.7570,19.0260,0.6750,337
OffPos_NC_058375.1_11733098_11732912_aligned,105.5500,105.7710,0.7000,337
Shuf_NC_058375.1_11733098_11732912_aligned,16.8940,17.2720,0.6260,337
OffPos_NC_058375.1_77365515_77365426_aligned,46.6270,46.6940,0.8170,240
NC_058375.1_77365515_77365426_aligned,10.8800,11.2570,0.6040,240
OffNeg_NC_058375.1_77365515_77365426_aligned,64.9370,65.2330,0.7060,240
Shuf_NC_058375.1_77365515_77365426_aligned,9.8450,10.2510,0.5600,240
OffPos_NC_058376.1_151800662_151800767_aligned,83.3100,83.4560,0.6450,256
OffNeg_NC_058376.1_151800662_151800767_aligned,49.1810,49.2840,0.7180,256
NC_058376.1_151800662_151800767_aligned,14.6030,14.9170,0.6410,256
Shuf_NC_058376.1_151800662_151800767_aligned,12.6430,12.9860,0.6480,256
OffPos_NC_058376.1_3300723_3300867_aligned,11.3940,11.8070,0.5560,295
NC_058376.1_3300723_3300867_aligned,14.0640,14.4080,0.5410,295
OffNeg_NC_058376.1_3300723_3300867_aligned,93.2050,93.4100,0.7210,295
Shuf_NC_058376.1_3300723_3300867_aligned,11.2200,11.5510,0.6640,295
OffPos_NC_058377.1_103612669_103611721_aligned,266.5670,266.3630,0.8600,1099
NC_058377.1_103612669_103611721_aligned,50.2030,50.4720,0.6250,1099
OffNeg_NC_058377.1_103612669_103611721_aligned,311.0410,311.0160,0.8200,1099
Shuf_NC_058377.1_103612669_103611721_aligned,33.0940,33.5010,0.5640,1099
OffPos_NC_058377.1_108837965_108837814_aligned,75.7550,75.9970,0.7330,302
NC_058377.1_108837965_108837814_aligned,15.9860,16.3440,0.5460,302
OffNeg_NC_058377.1_108837965_108837814_aligned,48.7890,48.9900,0.8000,302
Shuf_NC_058377.1_108837965_108837814_aligned,13.6740,14.0350,0.6330,302
OffNeg_NC_058377.1_109305745_109305865_aligned,11.7230,12.0310,0.6310,271
NC_058377.1_109305745_109305865_aligned,11.1450,11.5190,0.5960,271
OffPos_NC_058377.1_109305745_109305865_aligned,87.5660,87.8370,0.6480,271
Shuf_NC_058377.1_109305745_109305865_aligned,11.1650,11.5540,0.6110,271
NC_058377.1_25633978_25634182_aligned,14.5400,14.8940,0.6290,355
OffNeg_NC_058377.1_25633978_25634182_aligned,107.6640,107.7090,0.8920,355
OffPos_NC_058377.1_25633978_25634182_aligned,110.8750,111.0200,0.7140,355
Shuf_NC_058377.1_25633978_25634182_aligned,13.6880,14.0150,0.6470,355
OffNeg_NC_058377.1_54477174_54477318_aligned,81.0740,81.3700,0.6670,295
OffPos_NC_058377.1_54477174_54477318_aligned,14.1260,14.4290,0.5640,295
NC_058377.1_54477174_54477318_aligned,13.0510,13.3900,0.5480,295
Shuf_NC_058377.1_54477174_54477318_aligned,10.9230,11.3040,0.5920,295
OffPos_NC_058377.1_60701145_60700182_aligned,33.9690,34.3480,0.5550,1114
OffNeg_NC_058377.1_60701145_60700182_aligned,276.1180,276.4520,0.6600,1114
NC_058377.1_60701145_60700182_aligned,41.9690,42.2970,0.6000,1114
Shuf_NC_058377.1_60701145_60700182_aligned,33.2110,33.6400,0.5530,1114
OffPos_NC_058377.1_99239659_99239810_aligned,15.9990,16.2620,0.5650,302
OffNeg_NC_058377.1_99239659_99239810_aligned,13.6020,13.9460,0.5660,302
NC_058377.1_99239659_99239810_aligned,13.1420,13.4260,0.5500,302
Shuf_NC_058377.1_99239659_99239810_aligned,10.7710,11.1440,0.6050,302
OffPos_NC_058378.1_18890239_18890449_aligned,97.2870,97.5310,0.7440,361
NC_058378.1_18890239_18890449_aligned,19.5330,19.8360,0.6210,361
OffNeg_NC_058378.1_18890239_18890449_aligned,16.6350,16.8930,0.5800,361
Shuf_NC_058378.1_18890239_18890449_aligned,14.1770,14.5050,0.6540,361
OffNeg_NC_058378.1_30277566_30277678_aligned,73.3420,73.5980,0.7220,263
OffPos_NC_058378.1_30277566_30277678_aligned,84.3520,84.5870,0.6880,263
NC_058378.1_30277566_30277678_aligned,13.0390,13.3690,0.5850,263
Shuf_NC_058378.1_30277566_30277678_aligned,11.6900,12.1160,0.5780,263
OffPos_NC_058378.1_35555744_35555933_aligned,52.8060,53.0700,0.7170,340
NC_058378.1_35555744_35555933_aligned,15.8420,16.1830,0.5930,340
OffNeg_NC_058378.1_35555744_35555933_aligned,15.3020,15.6550,0.5280,340
Shuf_NC_058378.1_35555744_35555933_aligned,12.5100,12.9440,0.5470,340
OffNeg_NC_058378.1_54955060_54954864_aligned,89.4620,89.7120,0.6890,347
NC_058378.1_54955060_54954864_aligned,12.8130,13.1810,0.5850,347
OffPos_NC_058378.1_54955060_54954864_aligned,90.1410,90.2830,0.8300,347
Shuf_NC_058378.1_54955060_54954864_aligned,13.9180,14.3240,0.5980,347
NC_058378.1_73200491_73200621_aligned,14.6880,15.0280,0.6250,281
OffNeg_NC_058378.1_73200491_73200621_aligned,89.6820,89.9140,0.6010,281
OffPos_NC_058378.1_73200491_73200621_aligned,87.4610,87.5930,0.7460,281
Shuf_NC_058378.1_73200491_73200621_aligned,11.3050,11.6130,0.6710,281
NC_058379.1_17418763_17418926_aligned,84.8550,85.1480,0.6930,314
OffNeg_NC_058379.1_17418763_17418926_aligned,101.8900,102.0410,0.6580,314
OffPos_NC_058379.1_17418763_17418926_aligned,14.9730,15.3610,0.5100,314
Shuf_NC_058379.1_17418763_17418926_aligned,84.3400,84.6530,0.6490,314
OffPos_NC_058379.1_35224252_35224105_aligned,33.6120,33.8990,0.6360,298
OffNeg_NC_058379.1_35224252_35224105_aligned,11.1690,11.5530,0.5950,298
NC_058379.1_35224252_35224105_aligned,12.3380,12.7400,0.5790,298
Shuf_NC_058379.1_35224252_35224105_aligned,11.9830,12.3720,0.6000,298
OffNeg_NC_058379.1_651212_651422_aligned,91.8240,91.9720,0.6720,361
OffPos_NC_058379.1_651212_651422_aligned,107.5460,107.7220,0.6570,361
NC_058379.1_651212_651422_aligned,17.6560,17.9660,0.5800,361
Shuf_NC_058379.1_651212_651422_aligned,13.2460,13.6500,0.5880,361
OffPos_NC_058380.1_22879077_22878976_aligned,107.6200,107.7030,0.7930,252
OffNeg_NC_058380.1_22879077_22878976_aligned,11.9740,12.3390,0.5490,252
NC_058380.1_22879077_22878976_aligned,11.7490,12.1030,0.6220,252
Shuf_NC_058380.1_22879077_22878976_aligned,11.2830,11.6460,0.6210,252
NC_058381.1_25060815_25060982_aligned,18.5520,18.8500,0.5530,318
OffPos_NC_058381.1_25060815_25060982_aligned,126.8050,126.9210,0.7040,318
OffNeg_NC_058381.1_25060815_25060982_aligned,14.9940,15.2620,0.4520,318
Shuf_NC_058381.1_25060815_25060982_aligned,13.0470,13.3920,0.6280,318
OffPos_NC_058381.1_42959876_42959748_aligned,48.4790,48.7670,0.6620,279
OffNeg_NC_058381.1_42959876_42959748_aligned,12.9690,13.3190,0.5810,279
NC_058381.1_42959876_42959748_aligned,12.5420,12.8620,0.5300,279
Shuf_NC_058381.1_42959876_42959748_aligned,10.5950,10.9610,0.6170,279
NC_058381.1_60164808_60164920_aligned,69.7430,69.9880,0.7140,263
OffPos_NC_058381.1_60164808_60164920_aligned,16.1470,16.4860,0.4480,263
OffNeg_NC_058381.1_60164808_60164920_aligned,17.3370,17.6380,0.5670,263
Shuf_NC_058381.1_60164808_60164920_aligned,70.3230,70.5660,0.6340,263
OffPos_NC_058382.1_11604984_11604830_aligned,16.1840,16.5390,0.5890,305
OffNeg_NC_058382.1_11604984_11604830_aligned,15.7740,16.0980,0.6100,305
NC_058382.1_11604984_11604830_aligned,14.0470,14.3880,0.5820,305
Shuf_NC_058382.1_11604984_11604830_aligned,11.4920,11.8460,0.6190,305
OffNeg_NC_058383.1_18205704_18205512_aligned,67.7550,67.8980,0.7690,343
OffPos_NC_058383.1_18205704_18205512_aligned,15.5600,15.9220,0.5710,343
NC_058383.1_18205704_18205512_aligned,14.5960,14.9490,0.6130,343
Shuf_NC_058383.1_18205704_18205512_aligned,13.6520,14.0000,0.6460,343
OffPos_NC_058383.1_25263853_25264062_aligned,144.7610,144.8620,0.8020,360
OffNeg_NC_058383.1_25263853_25264062_aligned,64.8730,65.1240,0.6540,360
NC_058383.1_25263853_25264062_aligned,15.3420,15.7100,0.5570,360
Shuf_NC_058383.1_25263853_25264062_aligned,13.5390,13.9500,0.5790,360
OffPos_NC_058383.1_33021097_33021251_aligned,81.2250,81.3740,0.8600,305
NC_058383.1_33021097_33021251_aligned,16.7700,17.1370,0.5790,305
OffNeg_NC_058383.1_33021097_33021251_aligned,86.4340,86.6820,0.7500,305
Shuf_NC_058383.1_33021097_33021251_aligned,12.3360,12.7240,0.5660,305
OffNeg_NC_058383.1_36939665_36939516_aligned,82.1080,82.3840,0.7070,300
OffPos_NC_058383.1_36939665_36939516_aligned,14.3050,14.6210,0.6740,300
NC_058383.1_36939665_36939516_aligned,12.9440,13.3350,0.5540,300
Shuf_NC_058383.1_36939665_36939516_aligned,12.7380,13.1100,0.6150,300
OffNeg_NC_058383.1_39549713_39549887_aligned,86.6670,86.8500,0.7500,325
OffPos_NC_058383.1_39549713_39549887_aligned,85.9270,86.2430,0.6780,325
NC_058383.1_39549713_39549887_aligned,14.0370,14.3820,0.6400,325
Shuf_NC_058383.1_39549713_39549887_aligned,13.8920,14.2670,0.6030,325
OffPos_NC_058383.1_41087595_41087478_aligned,75.3000,75.5660,0.7360,268
OffNeg_NC_058383.1_41087595_41087478_aligned,74.8260,75.0780,0.7290,268
NC_058383.1_41087595_41087478_aligned,15.0760,15.3950,0.5870,268
Shuf_NC_058383.1_41087595_41087478_aligned,13.9550,14.3580,0.5930,268
NC_058384.1_22254774_22254603_aligned,16.1050,16.3430,0.4940,322
OffNeg_NC_058384.1_22254774_22254603_aligned,74.3870,74.5600,0.7130,322
OffPos_NC_058384.1_22254774_22254603_aligned,16.2970,16.6170,0.6550,322
Shuf_NC_058384.1_22254774_22254603_aligned,12.7850,13.1490,0.6170,322
OffNeg_NC_058385.1_63552579_63552488_aligned,16.0420,16.3620,0.6110,242
OffPos_NC_058385.1_63552579_63552488_aligned,13.9620,14.3050,0.5560,242
NC_058385.1_63552579_63552488_aligned,42.3580,42.5960,0.7410,242
Shuf_NC_058385.1_63552579_63552488_aligned,40.2460,40.4950,0.7000,242
OffPos_NC_058385.1_73528337_73528499_aligned,86.0720,86.3190,0.7270,313
NC_058385.1_73528337_73528499_aligned,13.6700,14.0730,0.4810,313
OffNeg_NC_058385.1_73528337_73528499_aligned,98.0570,98.3320,0.6140,313
Shuf_NC_058385.1_73528337_73528499_aligned,11.9490,12.3220,0.6300,313
NC_058386.1_126333243_126333483_aligned,14.2150,14.5540,0.6420,391
OffNeg_NC_058386.1_126333243_126333483_aligned,101.2410,101.4080,0.8050,391
OffPos_NC_058386.1_126333243_126333483_aligned,21.9430,22.2680,0.5850,391
Shuf_NC_058386.1_126333243_126333483_aligned,14.5050,14.8490,0.5220,391
OffNeg_NC_058386.1_36292414_36292523_aligned,41.2670,41.5080,0.6940,260
OffPos_NC_058386.1_36292414_36292523_aligned,13.6690,13.9600,0.6760,260
NC_058386.1_36292414_36292523_aligned,16.1650,16.5410,0.5130,260
Shuf_NC_058386.1_36292414_36292523_aligned,11.4590,11.7270,0.6820,260
OffNeg_NC_058386.1_64692436_64692304_aligned,11.9140,12.2640,0.5850,283
OffPos_NC_058386.1_64692436_64692304_aligned,54.5460,54.7300,0.7000,283
NC_058386.1_64692436_64692304_aligned,12.4570,12.8220,0.6130,283
Shuf_NC_058386.1_64692436_64692304_aligned,11.9680,12.3600,0.5810,283
NW_025408547.1_83397_83190_aligned,121.3320,121.5030,0.7360,358
OffPos_NW_025408547.1_83397_83190_aligned,88.1980,88.4070,0.6720,358
OffNeg_NW_025408547.1_83397_83190_aligned,112.5100,112.6650,0.7200,358
Shuf_NW_025408547.1_83397_83190_aligned,95.0380,95.2750,0.7440,358
