NC_058368.1_116528275_116528466_Felis_catus,0.0322,0.0175,0.0112,342
OffNeg_NC_058368.1_116528275_116528466_Felis_catus,0.0223,0.0153,0.0071,342
OffPos_NC_058368.1_116528275_116528466_Felis_catus,0.0245,0.0123,0.0124,342
Shuf_NC_058368.1_116528275_116528466_Felis_catus,0.0257,0.0147,0.0108,342
NC_058368.1_172166056_172166220_Felis_catus,0.0264,0.0143,0.0121,315
OffNeg_NC_058368.1_172166056_172166220_Felis_catus,0.0225,0.0138,0.0087,315
OffPos_NC_058368.1_172166056_172166220_Felis_catus,0.0260,0.0162,0.0099,315
Shuf_NC_058368.1_172166056_172166220_Felis_catus,0.0263,0.0164,0.0100,315
NC_058368.1_208424642_208424545_Felis_catus,0.0269,0.0166,0.0104,248
OffNeg_NC_058368.1_208424642_208424545_Felis_catus,0.0235,0.0133,0.0102,248
OffPos_NC_058368.1_208424642_208424545_Felis_catus,0.0264,0.0166,0.0099,248
Shuf_NC_058368.1_208424642_208424545_Felis_catus,0.0276,0.0148,0.0130,248
NC_058369.1_15588874_15588968_Felis_catus,0.0241,0.0141,0.0101,245
OffNeg_NC_058369.1_15588874_15588968_Felis_catus,0.0148,0.0086,0.0063,245
OffPos_NC_058369.1_15588874_15588968_Felis_catus,0.0273,0.0150,0.0124,245
Shuf_NC_058369.1_15588874_15588968_Felis_catus,0.0276,0.0180,0.0098,245
NC_058369.1_16281671_16281504_Felis_catus,0.0247,0.0175,0.0073,318
OffNeg_NC_058369.1_16281671_16281504_Felis_catus,0.0061,0.0052,0.0008,318
OffPos_NC_058369.1_16281671_16281504_Felis_catus,0.0265,0.0182,0.0084,318
Shuf_NC_058369.1_16281671_16281504_Felis_catus,0.0277,0.0161,0.0117,318
NC_058369.1_21060612_21060714_Felis_catus,0.0253,0.0118,0.0136,253
OffNeg_NC_058369.1_21060612_21060714_Felis_catus,0.0060,0.0048,0.0012,253
OffPos_NC_058369.1_21060612_21060714_Felis_catus,0.0245,0.0128,0.0118,253
Shuf_NC_058369.1_21060612_21060714_Felis_catus,0.0278,0.0163,0.0117,253
NC_058369.1_53680116_53679988_Felis_catus,0.0236,0.0157,0.0080,279
OffNeg_NC_058369.1_53680116_53679988_Felis_catus,0.0139,0.0106,0.0034,279
OffPos_NC_058369.1_53680116_53679988_Felis_catus,0.0261,0.0148,0.0115,279
Shuf_NC_058369.1_53680116_53679988_Felis_catus,0.0275,0.0172,0.0104,279
NC_058370.1_29451270_29451137_Felis_catus,0.0237,0.0149,0.0089,284
OffNeg_NC_058370.1_29451270_29451137_Felis_catus,0.0246,0.0142,0.0106,284
OffPos_NC_058370.1_29451270_29451137_Felis_catus,0.0260,0.0161,0.0100,284
Shuf_NC_058370.1_29451270_29451137_Felis_catus,0.0261,0.0147,0.0116,284
NC_058370.1_29549974_29549794_Felis_catus,0.0241,0.0187,0.0055,331
OffNeg_NC_058370.1_29549974_29549794_Felis_catus,0.0254,0.0170,0.0086,331
OffPos_NC_058370.1_29549974_29549794_Felis_catus,0.0259,0.0167,0.0092,331
Shuf_NC_058370.1_29549974_29549794_Felis_catus,0.0251,0.0164,0.0088,331
NC_058370.1_66505356_66505540_Felis_catus,0.0229,0.0133,0.0097,335
OffNeg_NC_058370.1_66505356_66505540_Felis_catus,0.0266,0.0157,0.0110,335
OffPos_NC_058370.1_66505356_66505540_Felis_catus,0.0241,0.0136,0.0106,335
Shuf_NC_058370.1_66505356_66505540_Felis_catus,0.0241,0.0145,0.0097,335
NC_058371.1_113046269_113046120_Felis_catus,0.0227,0.0156,0.0072,300
OffNeg_NC_058371.1_113046269_113046120_Felis_catus,0.0272,0.0161,0.0111,300
OffPos_NC_058371.1_113046269_113046120_Felis_catus,0.0255,0.0188,0.0068,300
Shuf_NC_058371.1_113046269_113046120_Felis_catus,0.0248,0.0143,0.0105,300
NC_058371.1_172687847_172687745_Felis_catus,0.0221,0.0117,0.0105,253
OffNeg_NC_058371.1_172687847_172687745_Felis_catus,0.0247,0.0147,0.0101,253
OffPos_NC_058371.1_172687847_172687745_Felis_catus,0.0256,0.0147,0.0110,253
Shuf_NC_058371.1_172687847_172687745_Felis_catus,0.0251,0.0159,0.0093,253
NC_058371.1_184811454_184811280_Felis_catus,0.0232,0.0128,0.0104,325
OffNeg_NC_058371.1_184811454_184811280_Felis_catus,0.0254,0.0171,0.0083,325
OffPos_NC_058371.1_184811454_184811280_Felis_catus,0.0262,0.0173,0.0090,325
Shuf_NC_058371.1_184811454_184811280_Felis_catus,0.0270,0.0179,0.0091,325
NC_058371.1_58657020_58656939_Felis_catus,0.0246,0.0149,0.0098,232
OffNeg_NC_058371.1_58657020_58656939_Felis_catus,0.0251,0.0165,0.0087,232
OffPos_NC_058371.1_58657020_58656939_Felis_catus,0.0276,0.0164,0.0113,232
Shuf_NC_058371.1_58657020_58656939_Felis_catus,0.0271,0.0170,0.0102,232
NC_058372.1_151655498_151655579_Felis_catus,0.0225,0.0139,0.0086,232
OffNeg_NC_058372.1_151655498_151655579_Felis_catus,0.0240,0.0146,0.0095,232
OffPos_NC_058372.1_151655498_151655579_Felis_catus,0.0276,0.0188,0.0089,232
Shuf_NC_058372.1_151655498_151655579_Felis_catus,0.0277,0.0184,0.0095,232
NC_058372.1_1995251_1995369_Felis_catus,0.0234,0.0148,0.0088,269
OffNeg_NC_058372.1_1995251_1995369_Felis_catus,0.0254,0.0157,0.0098,269
OffPos_NC_058372.1_1995251_1995369_Felis_catus,0.0277,0.0173,0.0106,269
Shuf_NC_058372.1_1995251_1995369_Felis_catus,0.0277,0.0182,0.0096,269
NC_058372.1_80164392_80164275_Felis_catus,0.0237,0.0147,0.0091,268
OffNeg_NC_058372.1_80164392_80164275_Felis_catus,0.0258,0.0183,0.0075,268
OffPos_NC_058372.1_80164392_80164275_Felis_catus,0.0282,0.0198,0.0081,268
Shuf_NC_058372.1_80164392_80164275_Felis_catus,0.0276,0.0173,0.0105,268
NC_058373.1_1393053_1392945_Felis_catus,0.0236,0.0129,0.0108,259
OffNeg_NC_058373.1_1393053_1392945_Felis_catus,0.0257,0.0161,0.0097,259
OffPos_NC_058373.1_1393053_1392945_Felis_catus,0.0278,0.0184,0.0095,259
Shuf_NC_058373.1_1393053_1392945_Felis_catus,0.0278,0.0185,0.0094,259
NC_058373.1_36084935_36084838_Felis_catus,0.0228,0.0170,0.0059,248
OffNeg_NC_058373.1_36084935_36084838_Felis_catus,0.0266,0.0145,0.0122,248
OffPos_NC_058373.1_36084935_36084838_Felis_catus,0.0255,0.0150,0.0107,248
Shuf_NC_058373.1_36084935_36084838_Felis_catus,0.0279,0.0146,0.0134,248
NC_058373.1_73818294_73818015_Felis_catus,0.0218,0.0145,0.0074,430
OffNeg_NC_058373.1_73818294_73818015_Felis_catus,0.0275,0.0143,0.0133,430
OffPos_NC_058373.1_73818294_73818015_Felis_catus,0.0258,0.0151,0.0108,430
Shuf_NC_058373.1_73818294_73818015_Felis_catus,0.0323,0.0194,0.0130,430
NC_058374.1_103628592_103628739_Felis_catus,0.0214,0.0143,0.0072,298
OffNeg_NC_058374.1_103628592_103628739_Felis_catus,0.0277,0.0181,0.0097,298
OffPos_NC_058374.1_103628592_103628739_Felis_catus,0.0262,0.0142,0.0121,298
Shuf_NC_058374.1_103628592_103628739_Felis_catus,0.0270,0.0164,0.0107,298
NC_058374.1_67950828_67950947_Felis_catus,0.0212,0.0135,0.0078,270
OffNeg_NC_058374.1_67950828_67950947_Felis_catus,0.0279,0.0196,0.0085,270
OffPos_NC_058374.1_67950828_67950947_Felis_catus,0.0240,0.0134,0.0107,270
Shuf_NC_058374.1_67950828_67950947_Felis_catus,0.0262,0.0163,0.0100,270
NC_058374.1_78705628_78705997_Felis_catus,0.0209,0.0140,0.0069,520
OffNeg_NC_058374.1_78705628_78705997_Felis_catus,0.0278,0.0181,0.0098,520
OffPos_NC_058374.1_78705628_78705997_Felis_catus,0.0252,0.0151,0.0101,520
Shuf_NC_058374.1_78705628_78705997_Felis_catus,0.0268,0.0164,0.0105,520
NC_058375.1_11733098_11732912_Felis_catus,0.0219,0.0142,0.0078,337
OffNeg_NC_058375.1_11733098_11732912_Felis_catus,0.0262,0.0158,0.0105,337
OffPos_NC_058375.1_11733098_11732912_Felis_catus,0.0254,0.0167,0.0088,337
Shuf_NC_058375.1_11733098_11732912_Felis_catus,0.0277,0.0180,0.0099,337
NC_058375.1_77365515_77365426_Felis_catus,0.0207,0.0135,0.0072,240
OffNeg_NC_058375.1_77365515_77365426_Felis_catus,0.0261,0.0173,0.0089,240
OffPos_NC_058375.1_77365515_77365426_Felis_catus,0.0262,0.0174,0.0089,240
Shuf_NC_058375.1_77365515_77365426_Felis_catus,0.0277,0.0175,0.0104,240
NC_058376.1_151800662_151800767_Felis_catus,0.0206,0.0131,0.0076,256
OffNeg_NC_058376.1_151800662_151800767_Felis_catus,0.0264,0.0156,0.0109,256
OffPos_NC_058376.1_151800662_151800767_Felis_catus,0.0277,0.0208,0.0070,256
Shuf_NC_058376.1_151800662_151800767_Felis_catus,0.0269,0.0188,0.0083,256
NC_058376.1_3300723_3300867_Felis_catus,0.0218,0.0144,0.0075,295
OffNeg_NC_058376.1_3300723_3300867_Felis_catus,0.0280,0.0189,0.0092,295
OffPos_NC_058376.1_3300723_3300867_Felis_catus,0.0252,0.0140,0.0113,295
Shuf_NC_058376.1_3300723_3300867_Felis_catus,0.0261,0.0149,0.0112,295
NC_058377.1_103612669_103611721_Felis_catus,0.0217,0.0128,0.0089,1099
OffNeg_NC_058377.1_103612669_103611721_Felis_catus,0.0285,0.0183,0.0095,1099
OffPos_NC_058377.1_103612669_103611721_Felis_catus,0.0254,0.0163,0.0091,1099
Shuf_NC_058377.1_103612669_103611721_Felis_catus,0.0259,0.0159,0.0101,1099
NC_058377.1_108837965_108837814_Felis_catus,0.0218,0.0140,0.0079,302
OffNeg_NC_058377.1_108837965_108837814_Felis_catus,0.0277,0.0177,0.0102,302
OffPos_NC_058377.1_108837965_108837814_Felis_catus,0.0262,0.0174,0.0089,302
Shuf_NC_058377.1_108837965_108837814_Felis_catus,0.0276,0.0145,0.0132,302
NC_058377.1_109305745_109305865_Felis_catus,0.0212,0.0128,0.0085,271
OffNeg_NC_058377.1_109305745_109305865_Felis_catus,0.0275,0.0171,0.0105,271
OffPos_NC_058377.1_109305745_109305865_Felis_catus,0.0271,0.0137,0.0135,271
Shuf_NC_058377.1_109305745_109305865_Felis_catus,0.0276,0.0188,0.0089,271
NC_058377.1_25633978_25634182_Felis_catus,0.0210,0.0123,0.0087,355
OffNeg_NC_058377.1_25633978_25634182_Felis_catus,0.0277,0.0163,0.0116,355
OffPos_NC_058377.1_25633978_25634182_Felis_catus,0.0276,0.0158,0.0119,355
Shuf_NC_058377.1_25633978_25634182_Felis_catus,0.0277,0.0156,0.0123,355
NC_058377.1_54477174_54477318_Felis_catus,0.0209,0.0120,0.0090,295
OffNeg_NC_058377.1_54477174_54477318_Felis_catus,0.0280,0.0181,0.0100,295
OffPos_NC_058377.1_54477174_54477318_Felis_catus,0.0275,0.0156,0.0120,295
Shuf_NC_058377.1_54477174_54477318_Felis_catus,0.0279,0.0188,0.0092,295
NC_058377.1_60701145_60700182_Felis_catus,0.0210,0.0128,0.0082,1114
OffNeg_NC_058377.1_60701145_60700182_Felis_catus,0.0277,0.0169,0.0110,1114
OffPos_NC_058377.1_60701145_60700182_Felis_catus,0.0277,0.0176,0.0102,1114
Shuf_NC_058377.1_60701145_60700182_Felis_catus,0.0277,0.0164,0.0114,1114
NC_058377.1_99239659_99239810_Felis_catus,0.0224,0.0133,0.0092,302
OffNeg_NC_058377.1_99239659_99239810_Felis_catus,0.0277,0.0159,0.0118,302
OffPos_NC_058377.1_99239659_99239810_Felis_catus,0.0295,0.0191,0.0105,302
Shuf_NC_058377.1_99239659_99239810_Felis_catus,0.0276,0.0164,0.0114,302
NC_058378.1_18890239_18890449_Felis_catus,0.0242,0.0165,0.0078,361
OffNeg_NC_058378.1_18890239_18890449_Felis_catus,0.0310,0.0198,0.0113,361
OffPos_NC_058378.1_18890239_18890449_Felis_catus,0.0277,0.0168,0.0111,361
Shuf_NC_058378.1_18890239_18890449_Felis_catus,0.0276,0.0154,0.0124,361
NC_058378.1_30277566_30277678_Felis_catus,0.0244,0.0147,0.0097,263
OffNeg_NC_058378.1_30277566_30277678_Felis_catus,0.0277,0.0178,0.0100,263
OffPos_NC_058378.1_30277566_30277678_Felis_catus,0.0277,0.0174,0.0104,263
Shuf_NC_058378.1_30277566_30277678_Felis_catus,0.0277,0.0187,0.0092,263
NC_058378.1_35555744_35555933_Felis_catus,0.0230,0.0156,0.0074,340
OffNeg_NC_058378.1_35555744_35555933_Felis_catus,0.0280,0.0206,0.0076,340
OffPos_NC_058378.1_35555744_35555933_Felis_catus,0.0276,0.0194,0.0084,340
Shuf_NC_058378.1_35555744_35555933_Felis_catus,0.0278,0.0199,0.0080,340
NC_058378.1_54955060_54954864_Felis_catus,0.0228,0.0158,0.0071,347
OffNeg_NC_058378.1_54955060_54954864_Felis_catus,0.0279,0.0165,0.0115,347
OffPos_NC_058378.1_54955060_54954864_Felis_catus,0.0275,0.0152,0.0124,347
Shuf_NC_058378.1_54955060_54954864_Felis_catus,0.0281,0.0177,0.0102,347
NC_058378.1_73200491_73200621_Felis_catus,0.0236,0.0159,0.0079,281
OffNeg_NC_058378.1_73200491_73200621_Felis_catus,0.0279,0.0147,0.0133,281
OffPos_NC_058378.1_73200491_73200621_Felis_catus,0.0278,0.0194,0.0085,281
Shuf_NC_058378.1_73200491_73200621_Felis_catus,0.0265,0.0166,0.0100,281
NC_058379.1_17418763_17418926_Felis_catus,0.0231,0.0151,0.0081,314
OffNeg_NC_058379.1_17418763_17418926_Felis_catus,0.0275,0.0177,0.0099,314
OffPos_NC_058379.1_17418763_17418926_Felis_catus,0.0276,0.0164,0.0113,314
Shuf_NC_058379.1_17418763_17418926_Felis_catus,0.0257,0.0172,0.0086,314
NC_058379.1_35224252_35224105_Felis_catus,0.0224,0.0160,0.0065,298
OffNeg_NC_058379.1_35224252_35224105_Felis_catus,0.0279,0.0178,0.0102,298
OffPos_NC_058379.1_35224252_35224105_Felis_catus,0.0279,0.0178,0.0102,298
Shuf_NC_058379.1_35224252_35224105_Felis_catus,0.0279,0.0189,0.0090,298
NC_058379.1_651212_651422_Felis_catus,0.0219,0.0129,0.0091,361
OffNeg_NC_058379.1_651212_651422_Felis_catus,0.0280,0.0165,0.0116,361
OffPos_NC_058379.1_651212_651422_Felis_catus,0.0283,0.0152,0.0130,361
Shuf_NC_058379.1_651212_651422_Felis_catus,0.0278,0.0192,0.0087,361
NC_058380.1_22879077_22878976_Felis_catus,0.0217,0.0111,0.0106,252
OffNeg_NC_058380.1_22879077_22878976_Felis_catus,0.0278,0.0154,0.0126,252
OffPos_NC_058380.1_22879077_22878976_Felis_catus,0.0281,0.0154,0.0128,252
Shuf_NC_058380.1_22879077_22878976_Felis_catus,0.0279,0.0181,0.0099,252
NC_058381.1_25060815_25060982_Felis_catus,0.0236,0.0167,0.0069,318
OffNeg_NC_058381.1_25060815_25060982_Felis_catus,0.0277,0.0193,0.0085,318
OffPos_NC_058381.1_25060815_25060982_Felis_catus,0.0280,0.0168,0.0113,318
Shuf_NC_058381.1_25060815_25060982_Felis_catus,0.0280,0.0154,0.0127,318
NC_058381.1_42959876_42959748_Felis_catus,0.0246,0.0151,0.0096,279
OffNeg_NC_058381.1_42959876_42959748_Felis_catus,0.0273,0.0189,0.0086,279
OffPos_NC_058381.1_42959876_42959748_Felis_catus,0.0279,0.0159,0.0122,279
Shuf_NC_058381.1_42959876_42959748_Felis_catus,0.0276,0.0187,0.0091,279
NC_058381.1_60164808_60164920_Felis_catus,0.0245,0.0162,0.0084,263
OffNeg_NC_058381.1_60164808_60164920_Felis_catus,0.0268,0.0156,0.0113,263
OffPos_NC_058381.1_60164808_60164920_Felis_catus,0.0279,0.0194,0.0086,263
Shuf_NC_058381.1_60164808_60164920_Felis_catus,0.0276,0.0144,0.0133,263
NC_058382.1_11604984_11604830_Felis_catus,0.0232,0.0154,0.0080,305
OffNeg_NC_058382.1_11604984_11604830_Felis_catus,0.0278,0.0148,0.0131,305
OffPos_NC_058382.1_11604984_11604830_Felis_catus,0.0273,0.0189,0.0086,305
Shuf_NC_058382.1_11604984_11604830_Felis_catus,0.0282,0.0175,0.0109,305
NC_058383.1_18205704_18205512_Felis_catus,0.0230,0.0144,0.0086,343
OffNeg_NC_058383.1_18205704_18205512_Felis_catus,0.0279,0.0158,0.0123,343
OffPos_NC_058383.1_18205704_18205512_Felis_catus,0.0273,0.0180,0.0094,343
Shuf_NC_058383.1_18205704_18205512_Felis_catus,0.0276,0.0159,0.0118,343
NC_058383.1_25263853_25264062_Felis_catus,0.0223,0.0121,0.0103,360
OffNeg_NC_058383.1_25263853_25264062_Felis_catus,0.0277,0.0156,0.0123,360
OffPos_NC_058383.1_25263853_25264062_Felis_catus,0.0279,0.0179,0.0102,360
Shuf_NC_058383.1_25263853_25264062_Felis_catus,0.0277,0.0153,0.0125,360
NC_058383.1_33021097_33021251_Felis_catus,0.0219,0.0118,0.0101,305
OffNeg_NC_058383.1_33021097_33021251_Felis_catus,0.0277,0.0183,0.0096,305
OffPos_NC_058383.1_33021097_33021251_Felis_catus,0.0280,0.0147,0.0134,305
Shuf_NC_058383.1_33021097_33021251_Felis_catus,0.0278,0.0156,0.0124,305
NC_058383.1_36939665_36939516_Felis_catus,0.0214,0.0148,0.0066,300
OffNeg_NC_058383.1_36939665_36939516_Felis_catus,0.0277,0.0167,0.0111,300
OffPos_NC_058383.1_36939665_36939516_Felis_catus,0.0287,0.0176,0.0112,300
Shuf_NC_058383.1_36939665_36939516_Felis_catus,0.0276,0.0187,0.0090,300
NC_058383.1_39549713_39549887_Felis_catus,0.0229,0.0147,0.0082,325
OffNeg_NC_058383.1_39549713_39549887_Felis_catus,0.0277,0.0143,0.0135,325
OffPos_NC_058383.1_39549713_39549887_Felis_catus,0.0278,0.0165,0.0115,325
Shuf_NC_058383.1_39549713_39549887_Felis_catus,0.0289,0.0182,0.0107,325
NC_058383.1_41087595_41087478_Felis_catus,0.0212,0.0110,0.0103,268
OffNeg_NC_058383.1_41087595_41087478_Felis_catus,0.0277,0.0168,0.0110,268
OffPos_NC_058383.1_41087595_41087478_Felis_catus,0.0254,0.0187,0.0068,268
Shuf_NC_058383.1_41087595_41087478_Felis_catus,0.0277,0.0170,0.0109,268
NC_058384.1_22254774_22254603_Felis_catus,0.0230,0.0167,0.0065,322
OffNeg_NC_058384.1_22254774_22254603_Felis_catus,0.0275,0.0161,0.0115,322
OffPos_NC_058384.1_22254774_22254603_Felis_catus,0.0259,0.0145,0.0115,322
Shuf_NC_058384.1_22254774_22254603_Felis_catus,0.0276,0.0164,0.0112,322
NC_058385.1_63552579_63552488_Felis_catus,0.0244,0.0158,0.0086,242
OffNeg_NC_058385.1_63552579_63552488_Felis_catus,0.0265,0.0179,0.0088,242
OffPos_NC_058385.1_63552579_63552488_Felis_catus,0.0275,0.0186,0.0091,242
Shuf_NC_058385.1_63552579_63552488_Felis_catus,0.0279,0.0168,0.0113,242
NC_058385.1_73528337_73528499_Felis_catus,0.0243,0.0162,0.0082,313
OffNeg_NC_058385.1_73528337_73528499_Felis_catus,0.0269,0.0160,0.0110,313
OffPos_NC_058385.1_73528337_73528499_Felis_catus,0.0274,0.0153,0.0122,313
Shuf_NC_058385.1_73528337_73528499_Felis_catus,0.0277,0.0169,0.0110,313
NC_058386.1_126333243_126333483_Felis_catus,0.0227,0.0109,0.0119,391
OffNeg_NC_058386.1_126333243_126333483_Felis_catus,0.0250,0.0137,0.0115,391
OffPos_NC_058386.1_126333243_126333483_Felis_catus,0.0287,0.0179,0.0109,391
Shuf_NC_058386.1_126333243_126333483_Felis_catus,0.0294,0.0175,0.0120,391
NC_058386.1_36292414_36292523_Felis_catus,0.0229,0.0140,0.0090,260
OffNeg_NC_058386.1_36292414_36292523_Felis_catus,0.0239,0.0151,0.0089,260
OffPos_NC_058386.1_36292414_36292523_Felis_catus,0.0280,0.0155,0.0127,260
Shuf_NC_058386.1_36292414_36292523_Felis_catus,0.0272,0.0168,0.0106,260
NC_058386.1_64692436_64692304_Felis_catus,0.0241,0.0145,0.0097,283
OffNeg_NC_058386.1_64692436_64692304_Felis_catus,0.0233,0.0130,0.0104,283
OffPos_NC_058386.1_64692436_64692304_Felis_catus,0.0275,0.0184,0.0093,283
Shuf_NC_058386.1_64692436_64692304_Felis_catus,0.0272,0.0153,0.0120,283
NW_025408547.1_83397_83190_Felis_catus,0.0232,0.0139,0.0094,358
OffNeg_NW_025408547.1_83397_83190_Felis_catus,0.0241,0.0135,0.0107,358
OffPos_NW_025408547.1_83397_83190_Felis_catus,0.0267,0.0145,0.0123,358
Shuf_NW_025408547.1_83397_83190_Felis_catus,0.0273,0.0151,0.0123,358
