OffNeg_NC_058368.1_116528275_116528466_aligned.clu,0.7591,0.7174,0.0180,342
NC_058368.1_116528275_116528466_aligned.clu,0.3526,0.3157,0.0133,342
OffPos_NC_058368.1_116528275_116528466_aligned.clu,0.3689,0.3316,0.0136,342
Shuf_NC_058368.1_116528275_116528466_aligned.clu,0.3491,0.3156,0.0128,342
NC_058368.1_172166056_172166220_aligned.clu,0.2898,0.2544,0.0116,315
OffPos_NC_058368.1_172166056_172166220_aligned.clu,0.2436,0.2119,0.0080,315
OffNeg_NC_058368.1_172166056_172166220_aligned.clu,0.2056,0.1735,0.0084,315
Shuf_NC_058368.1_172166056_172166220_aligned.clu,0.3002,0.2696,0.0097,315
OffPos_NC_058368.1_208424642_208424545_aligned.clu,0.2519,0.2191,0.0092,248
NC_058368.1_208424642_208424545_aligned.clu,0.1880,0.1568,0.0077,248
OffNeg_NC_058368.1_208424642_208424545_aligned.clu,0.1336,0.1056,0.0044,248
Shuf_NC_058368.1_208424642_208424545_aligned.clu,0.1767,0.1492,0.0067,248
OffNeg_NC_058369.1_15588874_15588968_aligned.clu,0.0862,0.0838,0.0024,245
NC_058369.1_15588874_15588968_aligned.clu,0.1889,0.1600,0.0053,245
OffPos_NC_058369.1_15588874_15588968_aligned.clu,0.0878,0.0787,0.0032,245
Shuf_NC_058369.1_15588874_15588968_aligned.clu,0.1804,0.1496,0.0072,245
OffNeg_NC_058369.1_16281671_16281504_aligned.clu,0.3168,0.2844,0.0135,318
OffPos_NC_058369.1_16281671_16281504_aligned.clu,0.3122,0.2818,0.0096,318
NC_058369.1_16281671_16281504_aligned.clu,0.3107,0.2798,0.0104,318
Shuf_NC_058369.1_16281671_16281504_aligned.clu,0.3041,0.2772,0.0092,318
NC_058369.1_21060612_21060714_aligned.clu,0.2419,0.2147,0.0095,253
OffNeg_NC_058369.1_21060612_21060714_aligned.clu,0.2274,0.1975,0.0063,253
OffPos_NC_058369.1_21060612_21060714_aligned.clu,0.1917,0.1625,0.0056,253
Shuf_NC_058369.1_21060612_21060714_aligned.clu,0.2305,0.1996,0.0071,253
OffPos_NC_058369.1_53680116_53679988_aligned.clu,0.2927,0.2646,0.0076,279
OffNeg_NC_058369.1_53680116_53679988_aligned.clu,0.1357,0.1095,0.0057,279
NC_058369.1_53680116_53679988_aligned.clu,0.2330,0.1997,0.0096,279
Shuf_NC_058369.1_53680116_53679988_aligned.clu,0.2426,0.2098,0.0091,279
OffNeg_NC_058370.1_29451270_29451137_aligned.clu,0.2670,0.2362,0.0099,284
NC_058370.1_29451270_29451137_aligned.clu,0.3750,0.3560,0.0133,284
OffPos_NC_058370.1_29451270_29451137_aligned.clu,0.1727,0.1419,0.0072,284
Shuf_NC_058370.1_29451270_29451137_aligned.clu,0.2756,0.2461,0.0088,284
OffNeg_NC_058370.1_29549974_29549794_aligned.clu,0.2930,0.2590,0.0104,331
NC_058370.1_29549974_29549794_aligned.clu,0.3821,0.3578,0.0064,331
OffPos_NC_058370.1_29549974_29549794_aligned.clu,0.2931,0.2591,0.0103,331
Shuf_NC_058370.1_29549974_29549794_aligned.clu,0.3271,0.2935,0.0101,331
NC_058370.1_66505356_66505540_aligned.clu,0.3358,0.3001,0.0121,335
OffNeg_NC_058370.1_66505356_66505540_aligned.clu,0.4440,0.4053,0.0156,335
OffPos_NC_058370.1_66505356_66505540_aligned.clu,0.4592,0.4231,0.0151,335
Shuf_NC_058370.1_66505356_66505540_aligned.clu,0.3317,0.2986,0.0095,335
NC_058371.1_113046269_113046120_aligned.clu,0.2731,0.2445,0.0079,300
OffPos_NC_058371.1_113046269_113046120_aligned.clu,0.2966,0.2652,0.0078,300
OffNeg_NC_058371.1_113046269_113046120_aligned.clu,0.1864,0.1560,0.0067,300
Shuf_NC_058371.1_113046269_113046120_aligned.clu,0.2663,0.2400,0.0084,300
NC_058371.1_172687847_172687745_aligned.clu,0.2225,0.1910,0.0079,253
OffPos_NC_058371.1_172687847_172687745_aligned.clu,0.0988,0.0856,0.0042,253
OffNeg_NC_058371.1_172687847_172687745_aligned.clu,0.3073,0.2700,0.0107,253
Shuf_NC_058371.1_172687847_172687745_aligned.clu,0.2349,0.2045,0.0067,253
NC_058371.1_184811454_184811280_aligned.clu,0.3278,0.2927,0.0112,325
OffPos_NC_058371.1_184811454_184811280_aligned.clu,0.1772,0.1451,0.0085,325
OffNeg_NC_058371.1_184811454_184811280_aligned.clu,0.2887,0.2562,0.0119,325
Shuf_NC_058371.1_184811454_184811280_aligned.clu,0.3181,0.2814,0.0128,325
OffPos_NC_058371.1_58657020_58656939_aligned.clu,0.1682,0.1384,0.0062,232
OffNeg_NC_058371.1_58657020_58656939_aligned.clu,0.2979,0.2639,0.0104,232
NC_058371.1_58657020_58656939_aligned.clu,0.1916,0.1631,0.0048,232
Shuf_NC_058371.1_58657020_58656939_aligned.clu,0.1952,0.1669,0.0068,232
OffNeg_NC_058372.1_151655498_151655579_aligned.clu,0.0836,0.0755,0.0051,232
OffPos_NC_058372.1_151655498_151655579_aligned.clu,0.1224,0.0962,0.0056,232
NC_058372.1_151655498_151655579_aligned.clu,0.0750,0.0692,0.0028,232
Shuf_NC_058372.1_151655498_151655579_aligned.clu,0.0767,0.0694,0.0043,232
OffPos_NC_058372.1_1995251_1995369_aligned.clu,0.2722,0.2396,0.0091,269
NC_058372.1_1995251_1995369_aligned.clu,0.2874,0.2546,0.0092,269
OffNeg_NC_058372.1_1995251_1995369_aligned.clu,0.1602,0.1274,0.0064,269
Shuf_NC_058372.1_1995251_1995369_aligned.clu,0.2811,0.2478,0.0095,269
NC_058372.1_80164392_80164275_aligned.clu,0.2451,0.2139,0.0076,268
OffNeg_NC_058372.1_80164392_80164275_aligned.clu,0.3022,0.2704,0.0088,268
OffPos_NC_058372.1_80164392_80164275_aligned.clu,0.1658,0.1355,0.0067,268
Shuf_NC_058372.1_80164392_80164275_aligned.clu,0.2317,0.2030,0.0079,268
NC_058373.1_1393053_1392945_aligned.clu,0.2153,0.1830,0.0087,259
OffNeg_NC_058373.1_1393053_1392945_aligned.clu,0.2872,0.2552,0.0084,259
OffPos_NC_058373.1_1393053_1392945_aligned.clu,0.1492,0.1200,0.0056,259
Shuf_NC_058373.1_1393053_1392945_aligned.clu,0.2153,0.1865,0.0064,259
OffNeg_NC_058373.1_36084935_36084838_aligned.clu,0.1626,0.1336,0.0056,248
OffPos_NC_058373.1_36084935_36084838_aligned.clu,0.1691,0.1378,0.0077,248
NC_058373.1_36084935_36084838_aligned.clu,0.1775,0.1522,0.0076,248
Shuf_NC_058373.1_36084935_36084838_aligned.clu,0.1824,0.1521,0.0067,248
NC_058373.1_73818294_73818015_aligned.clu,0.5888,0.5523,0.0159,430
OffPos_NC_058373.1_73818294_73818015_aligned.clu,0.5709,0.5297,0.0176,430
OffNeg_NC_058373.1_73818294_73818015_aligned.clu,0.5888,0.5498,0.0184,430
Shuf_NC_058373.1_73818294_73818015_aligned.clu,0.5477,0.5051,0.0187,430
OffPos_NC_058374.1_103628592_103628739_aligned.clu,0.2896,0.2554,0.0107,298
NC_058374.1_103628592_103628739_aligned.clu,0.2492,0.2187,0.0115,298
OffNeg_NC_058374.1_103628592_103628739_aligned.clu,0.1447,0.1197,0.0044,298
Shuf_NC_058374.1_103628592_103628739_aligned.clu,0.2632,0.2315,0.0111,298
NC_058374.1_67950828_67950947_aligned.clu,0.2201,0.1924,0.0097,270
OffNeg_NC_058374.1_67950828_67950947_aligned.clu,0.1743,0.1444,0.0064,270
OffPos_NC_058374.1_67950828_67950947_aligned.clu,0.1580,0.1288,0.0056,270
Shuf_NC_058374.1_67950828_67950947_aligned.clu,0.2280,0.1969,0.0104,270
OffNeg_NC_058374.1_78705628_78705997_aligned.clu,1.0710,1.0137,0.0336,520
OffPos_NC_058374.1_78705628_78705997_aligned.clu,0.8906,0.8401,0.0272,520
NC_058374.1_78705628_78705997_aligned.clu,0.9878,0.9427,0.0243,520
Shuf_NC_058374.1_78705628_78705997_aligned.clu,0.9636,0.9150,0.0280,520
NC_058375.1_11733098_11732912_aligned.clu,0.4942,0.4677,0.0144,337
OffNeg_NC_058375.1_11733098_11732912_aligned.clu,0.3306,0.2959,0.0112,337
OffPos_NC_058375.1_11733098_11732912_aligned.clu,0.5380,0.4987,0.0156,337
Shuf_NC_058375.1_11733098_11732912_aligned.clu,0.4079,0.3692,0.0148,337
OffPos_NC_058375.1_77365515_77365426_aligned.clu,0.1739,0.1455,0.0048,240
NC_058375.1_77365515_77365426_aligned.clu,0.1727,0.1421,0.0071,240
OffNeg_NC_058375.1_77365515_77365426_aligned.clu,0.0861,0.0753,0.0048,240
Shuf_NC_058375.1_77365515_77365426_aligned.clu,0.1714,0.1448,0.0059,240
OffPos_NC_058376.1_151800662_151800767_aligned.clu,0.2012,0.1763,0.0059,256
OffNeg_NC_058376.1_151800662_151800767_aligned.clu,0.2033,0.1727,0.0071,256
NC_058376.1_151800662_151800767_aligned.clu,0.2739,0.2448,0.0114,256
Shuf_NC_058376.1_151800662_151800767_aligned.clu,0.2777,0.2474,0.0095,256
OffPos_NC_058376.1_3300723_3300867_aligned.clu,0.1512,0.1257,0.0048,295
NC_058376.1_3300723_3300867_aligned.clu,0.2672,0.2336,0.0100,295
OffNeg_NC_058376.1_3300723_3300867_aligned.clu,0.2769,0.2413,0.0120,295
Shuf_NC_058376.1_3300723_3300867_aligned.clu,0.2647,0.2333,0.0089,295
OffPos_NC_058377.1_103612669_103611721_aligned.clu,3.8079,3.6735,0.1116,1099
NC_058377.1_103612669_103611721_aligned.clu,3.4508,3.3359,0.0951,1099
OffNeg_NC_058377.1_103612669_103611721_aligned.clu,2.5400,2.4391,0.0824,1099
Shuf_NC_058377.1_103612669_103611721_aligned.clu,3.6106,3.4832,0.1059,1099
OffPos_NC_058377.1_108837965_108837814_aligned.clu,0.2859,0.2535,0.0124,302
NC_058377.1_108837965_108837814_aligned.clu,0.2878,0.2536,0.0103,302
OffNeg_NC_058377.1_108837965_108837814_aligned.clu,0.1882,0.1607,0.0067,302
Shuf_NC_058377.1_108837965_108837814_aligned.clu,0.2742,0.2404,0.0104,302
OffNeg_NC_058377.1_109305745_109305865_aligned.clu,0.2357,0.2283,0.0073,271
NC_058377.1_109305745_109305865_aligned.clu,0.3864,0.3620,0.0098,271
OffPos_NC_058377.1_109305745_109305865_aligned.clu,0.1601,0.1310,0.0055,271
Shuf_NC_058377.1_109305745_109305865_aligned.clu,0.3241,0.2883,0.0124,271
NC_058377.1_25633978_25634182_aligned.clu,0.4605,0.4202,0.0168,355
OffNeg_NC_058377.1_25633978_25634182_aligned.clu,0.4441,0.4174,0.0129,355
OffPos_NC_058377.1_25633978_25634182_aligned.clu,0.3171,0.2883,0.0120,355
Shuf_NC_058377.1_25633978_25634182_aligned.clu,0.4462,0.4084,0.0140,355
OffNeg_NC_058377.1_54477174_54477318_aligned.clu,0.2849,0.2542,0.0100,295
OffPos_NC_058377.1_54477174_54477318_aligned.clu,0.2244,0.1924,0.0084,295
NC_058377.1_54477174_54477318_aligned.clu,0.2522,0.2211,0.0103,295
Shuf_NC_058377.1_54477174_54477318_aligned.clu,0.2586,0.2286,0.0094,295
OffPos_NC_058377.1_60701145_60700182_aligned.clu,2.1880,2.1016,0.0674,1114
OffNeg_NC_058377.1_60701145_60700182_aligned.clu,4.1089,3.9820,0.1044,1114
NC_058377.1_60701145_60700182_aligned.clu,3.5331,3.4028,0.1088,1114
Shuf_NC_058377.1_60701145_60700182_aligned.clu,3.5573,3.4200,0.1119,1114
OffPos_NC_058377.1_99239659_99239810_aligned.clu,0.2802,0.2490,0.0076,302
OffNeg_NC_058377.1_99239659_99239810_aligned.clu,0.2699,0.2427,0.0084,302
NC_058377.1_99239659_99239810_aligned.clu,0.2715,0.2383,0.0095,302
Shuf_NC_058377.1_99239659_99239810_aligned.clu,0.2615,0.2299,0.0103,302
OffPos_NC_058378.1_18890239_18890449_aligned.clu,0.5482,0.5104,0.0172,361
NC_058378.1_18890239_18890449_aligned.clu,0.3725,0.3391,0.0125,361
OffNeg_NC_058378.1_18890239_18890449_aligned.clu,0.3906,0.3601,0.0127,361
Shuf_NC_058378.1_18890239_18890449_aligned.clu,0.3875,0.3515,0.0126,361
OffNeg_NC_058378.1_30277566_30277678_aligned.clu,0.4231,0.3917,0.0076,263
OffPos_NC_058378.1_30277566_30277678_aligned.clu,0.2198,0.1889,0.0076,263
NC_058378.1_30277566_30277678_aligned.clu,0.2171,0.1863,0.0072,263
Shuf_NC_058378.1_30277566_30277678_aligned.clu,0.2133,0.1853,0.0071,263
OffPos_NC_058378.1_35555744_35555933_aligned.clu,0.3507,0.3186,0.0115,340
NC_058378.1_35555744_35555933_aligned.clu,0.4189,0.3832,0.0120,340
OffNeg_NC_058378.1_35555744_35555933_aligned.clu,0.3527,0.3171,0.0119,340
Shuf_NC_058378.1_35555744_35555933_aligned.clu,0.4181,0.3853,0.0120,340
OffNeg_NC_058378.1_54955060_54954864_aligned.clu,0.3306,0.2978,0.0091,347
NC_058378.1_54955060_54954864_aligned.clu,0.4297,0.3989,0.0128,347
OffPos_NC_058378.1_54955060_54954864_aligned.clu,0.1954,0.1655,0.0064,347
Shuf_NC_058378.1_54955060_54954864_aligned.clu,0.4378,0.4000,0.0143,347
NC_058378.1_73200491_73200621_aligned.clu,0.2470,0.2170,0.0064,281
OffNeg_NC_058378.1_73200491_73200621_aligned.clu,0.1650,0.1386,0.0040,281
OffPos_NC_058378.1_73200491_73200621_aligned.clu,0.2640,0.2323,0.0092,281
Shuf_NC_058378.1_73200491_73200621_aligned.clu,0.2339,0.2059,0.0072,281
NC_058379.1_17418763_17418926_aligned.clu,0.1606,0.1306,0.0063,314
OffNeg_NC_058379.1_17418763_17418926_aligned.clu,0.2129,0.1854,0.0068,314
OffPos_NC_058379.1_17418763_17418926_aligned.clu,0.1545,0.1281,0.0058,314
Shuf_NC_058379.1_17418763_17418926_aligned.clu,0.1545,0.1249,0.0059,314
OffPos_NC_058379.1_35224252_35224105_aligned.clu,0.2342,0.2044,0.0063,298
OffNeg_NC_058379.1_35224252_35224105_aligned.clu,0.1869,0.1563,0.0069,298
NC_058379.1_35224252_35224105_aligned.clu,0.3882,0.3528,0.0139,298
Shuf_NC_058379.1_35224252_35224105_aligned.clu,0.3904,0.3586,0.0139,298
OffNeg_NC_058379.1_651212_651422_aligned.clu,0.4968,0.4600,0.0160,361
OffPos_NC_058379.1_651212_651422_aligned.clu,0.1978,0.1655,0.0087,361
NC_058379.1_651212_651422_aligned.clu,0.3851,0.3471,0.0144,361
Shuf_NC_058379.1_651212_651422_aligned.clu,0.3906,0.3561,0.0132,361
OffPos_NC_058380.1_22879077_22878976_aligned.clu,0.2196,0.1917,0.0071,252
OffNeg_NC_058380.1_22879077_22878976_aligned.clu,0.1385,0.1127,0.0052,252
NC_058380.1_22879077_22878976_aligned.clu,0.2636,0.2300,0.0099,252
Shuf_NC_058380.1_22879077_22878976_aligned.clu,0.2724,0.2393,0.0096,252
NC_058381.1_25060815_25060982_aligned.clu,0.3140,0.2789,0.0116,318
OffPos_NC_058381.1_25060815_25060982_aligned.clu,0.2192,0.1886,0.0068,318
OffNeg_NC_058381.1_25060815_25060982_aligned.clu,0.1547,0.1231,0.0079,318
Shuf_NC_058381.1_25060815_25060982_aligned.clu,0.3047,0.2701,0.0108,318
OffPos_NC_058381.1_42959876_42959748_aligned.clu,0.3965,0.3622,0.0108,279
OffNeg_NC_058381.1_42959876_42959748_aligned.clu,0.2559,0.2259,0.0064,279
NC_058381.1_42959876_42959748_aligned.clu,0.2367,0.2114,0.0076,279
Shuf_NC_058381.1_42959876_42959748_aligned.clu,0.2399,0.2121,0.0099,279
NC_058381.1_60164808_60164920_aligned.clu,0.1604,0.1321,0.0048,263
OffPos_NC_058381.1_60164808_60164920_aligned.clu,0.1238,0.0975,0.0056,263
OffNeg_NC_058381.1_60164808_60164920_aligned.clu,0.1643,0.1368,0.0040,263
Shuf_NC_058381.1_60164808_60164920_aligned.clu,0.1529,0.1253,0.0040,263
OffPos_NC_058382.1_11604984_11604830_aligned.clu,0.1897,0.1602,0.0087,305
OffNeg_NC_058382.1_11604984_11604830_aligned.clu,0.2813,0.2523,0.0083,305
NC_058382.1_11604984_11604830_aligned.clu,0.2780,0.2506,0.0082,305
Shuf_NC_058382.1_11604984_11604830_aligned.clu,0.2775,0.2464,0.0104,305
OffNeg_NC_058383.1_18205704_18205512_aligned.clu,0.3722,0.3378,0.0108,343
OffPos_NC_058383.1_18205704_18205512_aligned.clu,0.3631,0.3308,0.0148,343
NC_058383.1_18205704_18205512_aligned.clu,0.4265,0.3866,0.0160,343
Shuf_NC_058383.1_18205704_18205512_aligned.clu,0.4268,0.3895,0.0137,343
OffPos_NC_058383.1_25263853_25264062_aligned.clu,0.2009,0.1710,0.0088,360
OffNeg_NC_058383.1_25263853_25264062_aligned.clu,0.5472,0.5113,0.0120,360
NC_058383.1_25263853_25264062_aligned.clu,0.3814,0.3464,0.0114,360
Shuf_NC_058383.1_25263853_25264062_aligned.clu,0.3966,0.3605,0.0127,360
OffPos_NC_058383.1_33021097_33021251_aligned.clu,0.3380,0.3071,0.0119,305
NC_058383.1_33021097_33021251_aligned.clu,0.3256,0.2937,0.0111,305
OffNeg_NC_058383.1_33021097_33021251_aligned.clu,0.2524,0.2231,0.0086,305
Shuf_NC_058383.1_33021097_33021251_aligned.clu,0.3313,0.2963,0.0111,305
OffNeg_NC_058383.1_36939665_36939516_aligned.clu,0.5018,0.4652,0.0116,300
OffPos_NC_058383.1_36939665_36939516_aligned.clu,0.2311,0.1991,0.0084,300
NC_058383.1_36939665_36939516_aligned.clu,0.3163,0.2857,0.0100,300
Shuf_NC_058383.1_36939665_36939516_aligned.clu,0.3154,0.2831,0.0115,300
OffNeg_NC_058383.1_39549713_39549887_aligned.clu,0.3023,0.2759,0.0088,325
OffPos_NC_058383.1_39549713_39549887_aligned.clu,0.2263,0.1943,0.0084,325
NC_058383.1_39549713_39549887_aligned.clu,0.6318,0.5926,0.0188,325
Shuf_NC_058383.1_39549713_39549887_aligned.clu,0.4493,0.4187,0.0127,325
OffPos_NC_058383.1_41087595_41087478_aligned.clu,0.2715,0.2392,0.0088,268
OffNeg_NC_058383.1_41087595_41087478_aligned.clu,0.1585,0.1324,0.0054,268
NC_058383.1_41087595_41087478_aligned.clu,0.2391,0.2072,0.0096,268
Shuf_NC_058383.1_41087595_41087478_aligned.clu,0.2215,0.1936,0.0072,268
NC_058384.1_22254774_22254603_aligned.clu,0.3470,0.3128,0.0116,322
OffNeg_NC_058384.1_22254774_22254603_aligned.clu,0.3373,0.3056,0.0111,322
OffPos_NC_058384.1_22254774_22254603_aligned.clu,0.2799,0.2496,0.0096,322
Shuf_NC_058384.1_22254774_22254603_aligned.clu,0.3192,0.2864,0.0092,322
OffNeg_NC_058385.1_63552579_63552488_aligned.clu,0.1865,0.1572,0.0057,242
OffPos_NC_058385.1_63552579_63552488_aligned.clu,0.1800,0.1505,0.0060,242
NC_058385.1_63552579_63552488_aligned.clu,0.1746,0.1443,0.0068,242
Shuf_NC_058385.1_63552579_63552488_aligned.clu,0.1778,0.1481,0.0060,242
OffPos_NC_058385.1_73528337_73528499_aligned.clu,0.5034,0.4688,0.0139,313
NC_058385.1_73528337_73528499_aligned.clu,0.3530,0.3232,0.0092,313
OffNeg_NC_058385.1_73528337_73528499_aligned.clu,0.2113,0.1815,0.0091,313
Shuf_NC_058385.1_73528337_73528499_aligned.clu,0.3651,0.3291,0.0124,313
NC_058386.1_126333243_126333483_aligned.clu,0.5305,0.4888,0.0188,391
OffNeg_NC_058386.1_126333243_126333483_aligned.clu,0.6799,0.6401,0.0191,391
OffPos_NC_058386.1_126333243_126333483_aligned.clu,0.4969,0.4598,0.0136,391
Shuf_NC_058386.1_126333243_126333483_aligned.clu,0.4659,0.4284,0.0140,391
OffNeg_NC_058386.1_36292414_36292523_aligned.clu,0.2585,0.2254,0.0107,260
OffPos_NC_058386.1_36292414_36292523_aligned.clu,0.2721,0.2439,0.0096,260
NC_058386.1_36292414_36292523_aligned.clu,0.2007,0.1734,0.0064,260
Shuf_NC_058386.1_36292414_36292523_aligned.clu,0.2295,0.1959,0.0099,260
OffNeg_NC_058386.1_64692436_64692304_aligned.clu,0.2657,0.2332,0.0088,283
OffPos_NC_058386.1_64692436_64692304_aligned.clu,0.2895,0.2553,0.0136,283
NC_058386.1_64692436_64692304_aligned.clu,0.2421,0.2095,0.0108,283
Shuf_NC_058386.1_64692436_64692304_aligned.clu,0.2328,0.2018,0.0104,283
NW_025408547.1_83397_83190_aligned.clu,0.1977,0.1678,0.0064,358
OffPos_NW_025408547.1_83397_83190_aligned.clu,0.4105,0.3740,0.0127,358
OffNeg_NW_025408547.1_83397_83190_aligned.clu,0.3790,0.3518,0.0095,358
Shuf_NW_025408547.1_83397_83190_aligned.clu,0.2255,0.1927,0.0093,358
