NC_058368.1_116528275_116528466_Felis_catus,6.6161,7.3348,1.3563,342
OffNeg_NC_058368.1_116528275_116528466_Felis_catus,7.0292,7.7288,1.3711,342
OffPos_NC_058368.1_116528275_116528466_Felis_catus,6.9500,7.6399,1.3826,342
Shuf_NC_058368.1_116528275_116528466_Felis_catus,6.9984,7.6989,1.3361,342
NC_058368.1_172166056_172166220_Felis_catus,6.9701,7.6851,1.3569,315
OffNeg_NC_058368.1_172166056_172166220_Felis_catus,7.0124,7.7170,1.3694,315
OffPos_NC_058368.1_172166056_172166220_Felis_catus,6.9944,7.6878,1.3802,315
Shuf_NC_058368.1_172166056_172166220_Felis_catus,6.9669,7.6731,1.3603,315
NC_058368.1_208424642_208424545_Felis_catus,6.9942,7.7082,1.3479,248
OffNeg_NC_058368.1_208424642_208424545_Felis_catus,6.9129,7.6165,1.3677,248
OffPos_NC_058368.1_208424642_208424545_Felis_catus,7.0733,7.7661,1.3644,248
Shuf_NC_058368.1_208424642_208424545_Felis_catus,7.0862,7.7921,1.3664,248
NC_058369.1_15588874_15588968_Felis_catus,6.9353,7.6415,1.3626,245
OffNeg_NC_058369.1_15588874_15588968_Felis_catus,7.0311,7.7023,1.3962,245
OffPos_NC_058369.1_15588874_15588968_Felis_catus,6.9852,7.6889,1.3670,245
Shuf_NC_058369.1_15588874_15588968_Felis_catus,6.9761,7.6600,1.3802,245
NC_058369.1_16281671_16281504_Felis_catus,6.9238,7.6219,1.3634,318
OffNeg_NC_058369.1_16281671_16281504_Felis_catus,7.0153,7.7120,1.3727,318
OffPos_NC_058369.1_16281671_16281504_Felis_catus,6.9600,7.6539,1.3528,318
Shuf_NC_058369.1_16281671_16281504_Felis_catus,6.9470,7.6408,1.3694,318
NC_058369.1_21060612_21060714_Felis_catus,6.9184,7.5918,1.3596,253
OffNeg_NC_058369.1_21060612_21060714_Felis_catus,6.9494,7.6608,1.3509,253
OffPos_NC_058369.1_21060612_21060714_Felis_catus,7.0127,7.7036,1.3701,253
Shuf_NC_058369.1_21060612_21060714_Felis_catus,7.0185,7.7103,1.3770,253
NC_058369.1_53680116_53679988_Felis_catus,6.9379,7.6326,1.3679,279
OffNeg_NC_058369.1_53680116_53679988_Felis_catus,7.0140,7.7280,1.3607,279
OffPos_NC_058369.1_53680116_53679988_Felis_catus,7.0969,7.7857,1.3850,279
Shuf_NC_058369.1_53680116_53679988_Felis_catus,6.9979,7.7177,1.3511,279
NC_058370.1_29451270_29451137_Felis_catus,6.9196,7.6121,1.3861,284
OffNeg_NC_058370.1_29451270_29451137_Felis_catus,7.0253,7.7124,1.3861,284
OffPos_NC_058370.1_29451270_29451137_Felis_catus,6.9712,7.6719,1.3708,284
Shuf_NC_058370.1_29451270_29451137_Felis_catus,7.0167,7.7197,1.3500,284
NC_058370.1_29549974_29549794_Felis_catus,6.9013,7.5963,1.3636,331
OffNeg_NC_058370.1_29549974_29549794_Felis_catus,6.9731,7.6843,1.3619,331
OffPos_NC_058370.1_29549974_29549794_Felis_catus,6.9955,7.6857,1.3779,331
Shuf_NC_058370.1_29549974_29549794_Felis_catus,7.0185,7.7490,1.3426,331
NC_058370.1_66505356_66505540_Felis_catus,7.1350,7.8325,1.3753,335
OffNeg_NC_058370.1_66505356_66505540_Felis_catus,6.9247,7.6424,1.3492,335
OffPos_NC_058370.1_66505356_66505540_Felis_catus,7.1297,7.8251,1.3717,335
Shuf_NC_058370.1_66505356_66505540_Felis_catus,6.9729,7.6982,1.3491,335
NC_058371.1_113046269_113046120_Felis_catus,6.8801,7.5921,1.3600,300
OffNeg_NC_058371.1_113046269_113046120_Felis_catus,7.0076,7.6982,1.3710,300
OffPos_NC_058371.1_113046269_113046120_Felis_catus,7.0118,7.7179,1.3620,300
Shuf_NC_058371.1_113046269_113046120_Felis_catus,7.0004,7.7351,1.3380,300
NC_058371.1_172687847_172687745_Felis_catus,7.0117,7.6913,1.3422,253
OffNeg_NC_058371.1_172687847_172687745_Felis_catus,6.9846,7.6849,1.3704,253
OffPos_NC_058371.1_172687847_172687745_Felis_catus,7.0013,7.7292,1.3374,253
Shuf_NC_058371.1_172687847_172687745_Felis_catus,6.9763,7.6755,1.3665,253
NC_058371.1_184811454_184811280_Felis_catus,7.0391,7.7632,1.3525,325
OffNeg_NC_058371.1_184811454_184811280_Felis_catus,6.9696,7.6667,1.3671,325
OffPos_NC_058371.1_184811454_184811280_Felis_catus,7.0336,7.7593,1.3451,325
Shuf_NC_058371.1_184811454_184811280_Felis_catus,7.0084,7.7227,1.3622,325
NC_058371.1_58657020_58656939_Felis_catus,6.9076,7.6092,1.3721,232
OffNeg_NC_058371.1_58657020_58656939_Felis_catus,6.9527,7.6900,1.3313,232
OffPos_NC_058371.1_58657020_58656939_Felis_catus,6.9689,7.6770,1.3631,232
Shuf_NC_058371.1_58657020_58656939_Felis_catus,6.9335,7.6211,1.3881,232
NC_058372.1_151655498_151655579_Felis_catus,6.9312,7.6385,1.3661,232
OffNeg_NC_058372.1_151655498_151655579_Felis_catus,6.9507,7.6462,1.3761,232
OffPos_NC_058372.1_151655498_151655579_Felis_catus,7.0228,7.7577,1.3402,232
Shuf_NC_058372.1_151655498_151655579_Felis_catus,7.1167,7.8075,1.3721,232
NC_058372.1_1995251_1995369_Felis_catus,7.0002,7.6890,1.3787,269
OffNeg_NC_058372.1_1995251_1995369_Felis_catus,7.0027,7.7086,1.3644,269
OffPos_NC_058372.1_1995251_1995369_Felis_catus,6.9584,7.6698,1.3523,269
Shuf_NC_058372.1_1995251_1995369_Felis_catus,7.0284,7.7347,1.3640,269
NC_058372.1_80164392_80164275_Felis_catus,6.9201,7.6089,1.3665,268
OffNeg_NC_058372.1_80164392_80164275_Felis_catus,7.0483,7.7497,1.3623,268
OffPos_NC_058372.1_80164392_80164275_Felis_catus,6.9675,7.6688,1.3662,268
Shuf_NC_058372.1_80164392_80164275_Felis_catus,6.9748,7.6899,1.3569,268
NC_058373.1_1393053_1392945_Felis_catus,7.0500,7.7606,1.3650,259
OffNeg_NC_058373.1_1393053_1392945_Felis_catus,6.9848,7.6949,1.3594,259
OffPos_NC_058373.1_1393053_1392945_Felis_catus,6.9838,7.6498,1.3867,259
Shuf_NC_058373.1_1393053_1392945_Felis_catus,7.0807,7.7889,1.3654,259
NC_058373.1_36084935_36084838_Felis_catus,6.9483,7.6638,1.3610,248
OffNeg_NC_058373.1_36084935_36084838_Felis_catus,6.9897,7.7163,1.3471,248
OffPos_NC_058373.1_36084935_36084838_Felis_catus,7.0354,7.7205,1.3803,248
Shuf_NC_058373.1_36084935_36084838_Felis_catus,6.9512,7.6656,1.3497,248
NC_058373.1_73818294_73818015_Felis_catus,7.0118,7.7328,1.3561,430
OffNeg_NC_058373.1_73818294_73818015_Felis_catus,7.0371,7.7355,1.3725,430
OffPos_NC_058373.1_73818294_73818015_Felis_catus,6.9232,7.6437,1.3529,430
Shuf_NC_058373.1_73818294_73818015_Felis_catus,7.1350,7.8387,1.3669,430
NC_058374.1_103628592_103628739_Felis_catus,6.8941,7.5954,1.3652,298
OffNeg_NC_058374.1_103628592_103628739_Felis_catus,6.9843,7.6771,1.3728,298
OffPos_NC_058374.1_103628592_103628739_Felis_catus,7.0073,7.7282,1.3534,298
Shuf_NC_058374.1_103628592_103628739_Felis_catus,6.9374,7.6333,1.3806,298
NC_058374.1_67950828_67950947_Felis_catus,6.9193,7.6502,1.3358,270
OffNeg_NC_058374.1_67950828_67950947_Felis_catus,7.0180,7.7064,1.3317,270
OffPos_NC_058374.1_67950828_67950947_Felis_catus,7.0310,7.7312,1.3712,270
Shuf_NC_058374.1_67950828_67950947_Felis_catus,7.0030,7.7081,1.3670,270
NC_058374.1_78705628_78705997_Felis_catus,7.0068,7.7300,1.3524,520
OffNeg_NC_058374.1_78705628_78705997_Felis_catus,6.9594,7.6474,1.3686,520
OffPos_NC_058374.1_78705628_78705997_Felis_catus,6.9829,7.6650,1.3873,520
Shuf_NC_058374.1_78705628_78705997_Felis_catus,6.9476,7.6436,1.3758,520
NC_058375.1_11733098_11732912_Felis_catus,6.9550,7.6619,1.3619,337
OffNeg_NC_058375.1_11733098_11732912_Felis_catus,6.9156,7.6189,1.3668,337
OffPos_NC_058375.1_11733098_11732912_Felis_catus,7.0100,7.7093,1.3735,337
Shuf_NC_058375.1_11733098_11732912_Felis_catus,7.0520,7.7513,1.3777,337
NC_058375.1_77365515_77365426_Felis_catus,7.0647,7.7673,1.3463,240
OffNeg_NC_058375.1_77365515_77365426_Felis_catus,7.0702,7.7646,1.3772,240
OffPos_NC_058375.1_77365515_77365426_Felis_catus,6.9861,7.6872,1.3694,240
Shuf_NC_058375.1_77365515_77365426_Felis_catus,6.9818,7.6957,1.3431,240
NC_058376.1_151800662_151800767_Felis_catus,7.0648,7.7857,1.3444,256
OffNeg_NC_058376.1_151800662_151800767_Felis_catus,6.9694,7.6721,1.3716,256
OffPos_NC_058376.1_151800662_151800767_Felis_catus,6.9714,7.6634,1.3869,256
Shuf_NC_058376.1_151800662_151800767_Felis_catus,7.0240,7.7349,1.3623,256
NC_058376.1_3300723_3300867_Felis_catus,6.9345,7.6389,1.3593,295
OffNeg_NC_058376.1_3300723_3300867_Felis_catus,6.9431,7.6512,1.3574,295
OffPos_NC_058376.1_3300723_3300867_Felis_catus,7.0442,7.7486,1.3642,295
Shuf_NC_058376.1_3300723_3300867_Felis_catus,7.0933,7.8084,1.3471,295
NC_058377.1_103612669_103611721_Felis_catus,7.0388,7.7440,1.3523,1099
OffNeg_NC_058377.1_103612669_103611721_Felis_catus,6.9619,7.6691,1.3671,1099
OffPos_NC_058377.1_103612669_103611721_Felis_catus,6.9509,7.6369,1.3857,1099
Shuf_NC_058377.1_103612669_103611721_Felis_catus,7.0471,7.7530,1.3693,1099
NC_058377.1_108837965_108837814_Felis_catus,6.9234,7.6191,1.3791,302
OffNeg_NC_058377.1_108837965_108837814_Felis_catus,7.0644,7.7571,1.3712,302
OffPos_NC_058377.1_108837965_108837814_Felis_catus,7.0514,7.7573,1.3659,302
Shuf_NC_058377.1_108837965_108837814_Felis_catus,6.9645,7.6842,1.3554,302
NC_058377.1_109305745_109305865_Felis_catus,6.9295,7.6163,1.3837,271
OffNeg_NC_058377.1_109305745_109305865_Felis_catus,7.0201,7.7350,1.3573,271
OffPos_NC_058377.1_109305745_109305865_Felis_catus,6.9140,7.6087,1.3551,271
Shuf_NC_058377.1_109305745_109305865_Felis_catus,7.0081,7.6861,1.3873,271
NC_058377.1_25633978_25634182_Felis_catus,7.0831,7.7838,1.3761,355
OffNeg_NC_058377.1_25633978_25634182_Felis_catus,6.9827,7.6951,1.3593,355
OffPos_NC_058377.1_25633978_25634182_Felis_catus,6.9638,7.6752,1.3653,355
Shuf_NC_058377.1_25633978_25634182_Felis_catus,6.9981,7.6912,1.3768,355
NC_058377.1_54477174_54477318_Felis_catus,6.9368,7.6530,1.3490,295
OffNeg_NC_058377.1_54477174_54477318_Felis_catus,7.0371,7.6941,1.3795,295
OffPos_NC_058377.1_54477174_54477318_Felis_catus,6.9501,7.6655,1.3578,295
Shuf_NC_058377.1_54477174_54477318_Felis_catus,7.0172,7.6982,1.3459,295
NC_058377.1_60701145_60700182_Felis_catus,6.9559,7.6471,1.3772,1114
OffNeg_NC_058377.1_60701145_60700182_Felis_catus,7.0817,7.7807,1.3714,1114
OffPos_NC_058377.1_60701145_60700182_Felis_catus,7.1596,7.8638,1.3554,1114
Shuf_NC_058377.1_60701145_60700182_Felis_catus,6.9779,7.6820,1.3549,1114
NC_058377.1_99239659_99239810_Felis_catus,6.9378,7.6450,1.3615,302
OffNeg_NC_058377.1_99239659_99239810_Felis_catus,7.0193,7.7267,1.3493,302
OffPos_NC_058377.1_99239659_99239810_Felis_catus,6.8932,7.5802,1.3848,302
Shuf_NC_058377.1_99239659_99239810_Felis_catus,7.0810,7.7930,1.3610,302
NC_058378.1_18890239_18890449_Felis_catus,7.0125,7.7102,1.3699,361
OffNeg_NC_058378.1_18890239_18890449_Felis_catus,7.0040,7.6956,1.3748,361
OffPos_NC_058378.1_18890239_18890449_Felis_catus,7.0061,7.7172,1.3635,361
Shuf_NC_058378.1_18890239_18890449_Felis_catus,6.9569,7.6749,1.3579,361
NC_058378.1_30277566_30277678_Felis_catus,6.9487,7.6369,1.3453,263
OffNeg_NC_058378.1_30277566_30277678_Felis_catus,7.0208,7.7283,1.3638,263
OffPos_NC_058378.1_30277566_30277678_Felis_catus,7.0786,7.7527,1.3902,263
Shuf_NC_058378.1_30277566_30277678_Felis_catus,7.0668,7.7554,1.3689,263
NC_058378.1_35555744_35555933_Felis_catus,7.0352,7.7374,1.3765,340
OffNeg_NC_058378.1_35555744_35555933_Felis_catus,6.9738,7.6603,1.3910,340
OffPos_NC_058378.1_35555744_35555933_Felis_catus,7.0667,7.7631,1.3780,340
Shuf_NC_058378.1_35555744_35555933_Felis_catus,6.9992,7.7324,1.3433,340
NC_058378.1_54955060_54954864_Felis_catus,6.9909,7.6882,1.3811,347
OffNeg_NC_058378.1_54955060_54954864_Felis_catus,7.0311,7.7445,1.3595,347
OffPos_NC_058378.1_54955060_54954864_Felis_catus,6.9995,7.7025,1.3486,347
Shuf_NC_058378.1_54955060_54954864_Felis_catus,7.0525,7.7551,1.3736,347
NC_058378.1_73200491_73200621_Felis_catus,6.9197,7.6205,1.3667,281
OffNeg_NC_058378.1_73200491_73200621_Felis_catus,6.9836,7.6817,1.3599,281
OffPos_NC_058378.1_73200491_73200621_Felis_catus,6.9971,7.7118,1.3583,281
Shuf_NC_058378.1_73200491_73200621_Felis_catus,7.0417,7.7533,1.3642,281
NC_058379.1_17418763_17418926_Felis_catus,6.9899,7.6907,1.3745,314
OffNeg_NC_058379.1_17418763_17418926_Felis_catus,7.0203,7.6980,1.3969,314
OffPos_NC_058379.1_17418763_17418926_Felis_catus,6.9762,7.6953,1.3551,314
Shuf_NC_058379.1_17418763_17418926_Felis_catus,7.0012,7.6923,1.3798,314
NC_058379.1_35224252_35224105_Felis_catus,7.1072,7.8083,1.3551,298
OffNeg_NC_058379.1_35224252_35224105_Felis_catus,7.0351,7.7306,1.3741,298
OffPos_NC_058379.1_35224252_35224105_Felis_catus,7.0037,7.7060,1.3567,298
Shuf_NC_058379.1_35224252_35224105_Felis_catus,6.9983,7.6821,1.3911,298
NC_058379.1_651212_651422_Felis_catus,6.9941,7.6971,1.3714,361
OffNeg_NC_058379.1_651212_651422_Felis_catus,7.0168,7.7175,1.3704,361
OffPos_NC_058379.1_651212_651422_Felis_catus,6.9664,7.6553,1.3726,361
Shuf_NC_058379.1_651212_651422_Felis_catus,7.0184,7.7201,1.3727,361
NC_058380.1_22879077_22878976_Felis_catus,7.0140,7.7069,1.3713,252
OffNeg_NC_058380.1_22879077_22878976_Felis_catus,6.9842,7.6710,1.3869,252
OffPos_NC_058380.1_22879077_22878976_Felis_catus,7.0119,7.7307,1.3376,252
Shuf_NC_058380.1_22879077_22878976_Felis_catus,7.0089,7.7055,1.3680,252
NC_058381.1_25060815_25060982_Felis_catus,6.9968,7.7066,1.3656,318
OffNeg_NC_058381.1_25060815_25060982_Felis_catus,7.0696,7.7778,1.3668,318
OffPos_NC_058381.1_25060815_25060982_Felis_catus,7.0228,7.7086,1.3835,318
Shuf_NC_058381.1_25060815_25060982_Felis_catus,6.9434,7.6452,1.3530,318
NC_058381.1_42959876_42959748_Felis_catus,6.9538,7.6595,1.3710,279
OffNeg_NC_058381.1_42959876_42959748_Felis_catus,6.9924,7.7109,1.3560,279
OffPos_NC_058381.1_42959876_42959748_Felis_catus,6.9287,7.6585,1.3456,279
Shuf_NC_058381.1_42959876_42959748_Felis_catus,7.0777,7.7656,1.3698,279
NC_058381.1_60164808_60164920_Felis_catus,6.9507,7.6308,1.3852,263
OffNeg_NC_058381.1_60164808_60164920_Felis_catus,7.0295,7.7381,1.3636,263
OffPos_NC_058381.1_60164808_60164920_Felis_catus,6.9736,7.6844,1.3651,263
Shuf_NC_058381.1_60164808_60164920_Felis_catus,7.0186,7.7252,1.3679,263
NC_058382.1_11604984_11604830_Felis_catus,6.9748,7.6951,1.3482,305
OffNeg_NC_058382.1_11604984_11604830_Felis_catus,6.9872,7.7087,1.3494,305
OffPos_NC_058382.1_11604984_11604830_Felis_catus,6.9507,7.6621,1.3586,305
Shuf_NC_058382.1_11604984_11604830_Felis_catus,6.9612,7.6491,1.3784,305
NC_058383.1_18205704_18205512_Felis_catus,7.0414,7.7463,1.3650,343
OffNeg_NC_058383.1_18205704_18205512_Felis_catus,7.0257,7.7352,1.3664,343
OffPos_NC_058383.1_18205704_18205512_Felis_catus,7.0123,7.7226,1.3627,343
Shuf_NC_058383.1_18205704_18205512_Felis_catus,7.0338,7.7236,1.3738,343
NC_058383.1_25263853_25264062_Felis_catus,7.0397,7.7540,1.3606,360
OffNeg_NC_058383.1_25263853_25264062_Felis_catus,6.9796,7.6689,1.3590,360
OffPos_NC_058383.1_25263853_25264062_Felis_catus,6.9693,7.6703,1.3458,360
Shuf_NC_058383.1_25263853_25264062_Felis_catus,6.9806,7.6981,1.3562,360
NC_058383.1_33021097_33021251_Felis_catus,6.9408,7.6422,1.3599,305
OffNeg_NC_058383.1_33021097_33021251_Felis_catus,6.9730,7.6626,1.3739,305
OffPos_NC_058383.1_33021097_33021251_Felis_catus,6.9138,7.6082,1.3809,305
Shuf_NC_058383.1_33021097_33021251_Felis_catus,7.0755,7.7670,1.3818,305
NC_058383.1_36939665_36939516_Felis_catus,7.0363,7.7792,1.3195,300
OffNeg_NC_058383.1_36939665_36939516_Felis_catus,7.0752,7.7696,1.3741,300
OffPos_NC_058383.1_36939665_36939516_Felis_catus,6.9924,7.6917,1.3678,300
Shuf_NC_058383.1_36939665_36939516_Felis_catus,7.0132,7.7210,1.3659,300
NC_058383.1_39549713_39549887_Felis_catus,6.9462,7.6642,1.3507,325
OffNeg_NC_058383.1_39549713_39549887_Felis_catus,6.9953,7.6897,1.3595,325
OffPos_NC_058383.1_39549713_39549887_Felis_catus,6.9886,7.6958,1.3568,325
Shuf_NC_058383.1_39549713_39549887_Felis_catus,6.9937,7.7037,1.3649,325
NC_058383.1_41087595_41087478_Felis_catus,6.9770,7.6769,1.3660,268
OffNeg_NC_058383.1_41087595_41087478_Felis_catus,6.9626,7.6810,1.3569,268
OffPos_NC_058383.1_41087595_41087478_Felis_catus,6.9861,7.6757,1.3832,268
Shuf_NC_058383.1_41087595_41087478_Felis_catus,6.9179,7.6133,1.3352,268
NC_058384.1_22254774_22254603_Felis_catus,7.0568,7.7646,1.3642,322
OffNeg_NC_058384.1_22254774_22254603_Felis_catus,7.0423,7.7474,1.3625,322
OffPos_NC_058384.1_22254774_22254603_Felis_catus,7.0219,7.7281,1.3681,322
Shuf_NC_058384.1_22254774_22254603_Felis_catus,6.9688,7.6760,1.3671,322
NC_058385.1_63552579_63552488_Felis_catus,6.9752,7.6778,1.3729,242
OffNeg_NC_058385.1_63552579_63552488_Felis_catus,6.9960,7.6862,1.3824,242
OffPos_NC_058385.1_63552579_63552488_Felis_catus,7.0062,7.7121,1.3629,242
Shuf_NC_058385.1_63552579_63552488_Felis_catus,6.9636,7.6765,1.3524,242
NC_058385.1_73528337_73528499_Felis_catus,7.0094,7.7358,1.3456,313
OffNeg_NC_058385.1_73528337_73528499_Felis_catus,7.0385,7.7535,1.3528,313
OffPos_NC_058385.1_73528337_73528499_Felis_catus,6.9669,7.6830,1.3573,313
Shuf_NC_058385.1_73528337_73528499_Felis_catus,7.0962,7.8213,1.3515,313
NC_058386.1_126333243_126333483_Felis_catus,7.0103,7.7232,1.3613,391
OffNeg_NC_058386.1_126333243_126333483_Felis_catus,7.0433,7.7649,1.3511,391
OffPos_NC_058386.1_126333243_126333483_Felis_catus,7.1474,7.8393,1.3599,391
Shuf_NC_058386.1_126333243_126333483_Felis_catus,6.9961,7.7167,1.3563,391
NC_058386.1_36292414_36292523_Felis_catus,7.0278,7.7365,1.3620,260
OffNeg_NC_058386.1_36292414_36292523_Felis_catus,6.9811,7.6837,1.3670,260
OffPos_NC_058386.1_36292414_36292523_Felis_catus,6.8705,7.5700,1.3697,260
Shuf_NC_058386.1_36292414_36292523_Felis_catus,7.0672,7.7664,1.3736,260
NC_058386.1_64692436_64692304_Felis_catus,7.0648,7.7615,1.3694,283
OffNeg_NC_058386.1_64692436_64692304_Felis_catus,7.0595,7.7794,1.3423,283
OffPos_NC_058386.1_64692436_64692304_Felis_catus,6.9797,7.6788,1.3648,283
Shuf_NC_058386.1_64692436_64692304_Felis_catus,7.0309,7.7309,1.3647,283
NW_025408547.1_83397_83190_Felis_catus,6.9520,7.6651,1.3554,358
OffNeg_NW_025408547.1_83397_83190_Felis_catus,6.9508,7.6615,1.3603,358
OffPos_NW_025408547.1_83397_83190_Felis_catus,6.9047,7.5982,1.3809,358
Shuf_NW_025408547.1_83397_83190_Felis_catus,6.9791,7.6754,1.3760,358
