NC_058368.1_116528275_116528466_Felis_catus,0.0217,0.0163,0.0024,342
OffNeg_NC_058368.1_116528275_116528466_Felis_catus,0.0179,0.0139,0.0041,342
OffPos_NC_058368.1_116528275_116528466_Felis_catus,0.0166,0.0113,0.0052,342
Shuf_NC_058368.1_116528275_116528466_Felis_catus,0.0161,0.0122,0.0038,342
NC_058368.1_172166056_172166220_Felis_catus,0.0170,0.0146,0.0024,315
OffNeg_NC_058368.1_172166056_172166220_Felis_catus,0.0186,0.0127,0.0059,315
OffPos_NC_058368.1_172166056_172166220_Felis_catus,0.0148,0.0106,0.0042,315
Shuf_NC_058368.1_172166056_172166220_Felis_catus,0.0191,0.0156,0.0035,315
NC_058368.1_208424642_208424545_Felis_catus,0.0164,0.0112,0.0053,248
OffNeg_NC_058368.1_208424642_208424545_Felis_catus,0.0150,0.0117,0.0033,248
OffPos_NC_058368.1_208424642_208424545_Felis_catus,0.0140,0.0096,0.0044,248
Shuf_NC_058368.1_208424642_208424545_Felis_catus,0.0176,0.0129,0.0047,248
NC_058369.1_15588874_15588968_Felis_catus,0.0142,0.0116,0.0027,245
OffNeg_NC_058369.1_15588874_15588968_Felis_catus,0.0142,0.0111,0.0031,245
OffPos_NC_058369.1_15588874_15588968_Felis_catus,0.0157,0.0114,0.0043,245
Shuf_NC_058369.1_15588874_15588968_Felis_catus,0.0165,0.0125,0.0040,245
NC_058369.1_16281671_16281504_Felis_catus,0.0141,0.0104,0.0037,318
OffNeg_NC_058369.1_16281671_16281504_Felis_catus,0.0159,0.0131,0.0028,318
OffPos_NC_058369.1_16281671_16281504_Felis_catus,0.0195,0.0157,0.0038,318
Shuf_NC_058369.1_16281671_16281504_Felis_catus,0.0152,0.0122,0.0029,318
NC_058369.1_21060612_21060714_Felis_catus,0.0149,0.0122,0.0027,253
OffNeg_NC_058369.1_21060612_21060714_Felis_catus,0.0170,0.0145,0.0025,253
OffPos_NC_058369.1_21060612_21060714_Felis_catus,0.0192,0.0145,0.0046,253
Shuf_NC_058369.1_21060612_21060714_Felis_catus,0.0147,0.0114,0.0034,253
NC_058369.1_53680116_53679988_Felis_catus,0.0186,0.0143,0.0044,279
OffNeg_NC_058369.1_53680116_53679988_Felis_catus,0.0184,0.0149,0.0035,279
OffPos_NC_058369.1_53680116_53679988_Felis_catus,0.0158,0.0115,0.0043,279
Shuf_NC_058369.1_53680116_53679988_Felis_catus,0.0165,0.0149,0.0016,279
NC_058370.1_29451270_29451137_Felis_catus,0.0178,0.0144,0.0034,284
OffNeg_NC_058370.1_29451270_29451137_Felis_catus,0.0162,0.0126,0.0036,284
OffPos_NC_058370.1_29451270_29451137_Felis_catus,0.0144,0.0103,0.0041,284
Shuf_NC_058370.1_29451270_29451137_Felis_catus,0.0186,0.0147,0.0040,284
NC_058370.1_29549974_29549794_Felis_catus,0.0159,0.0108,0.0051,331
OffNeg_NC_058370.1_29549974_29549794_Felis_catus,0.0141,0.0111,0.0030,331
OffPos_NC_058370.1_29549974_29549794_Felis_catus,0.0166,0.0118,0.0047,331
Shuf_NC_058370.1_29549974_29549794_Felis_catus,0.0182,0.0129,0.0053,331
NC_058370.1_66505356_66505540_Felis_catus,0.0141,0.0104,0.0036,335
OffNeg_NC_058370.1_66505356_66505540_Felis_catus,0.0144,0.0117,0.0027,335
OffPos_NC_058370.1_66505356_66505540_Felis_catus,0.0180,0.0123,0.0058,335
Shuf_NC_058370.1_66505356_66505540_Felis_catus,0.0153,0.0117,0.0036,335
NC_058371.1_113046269_113046120_Felis_catus,0.0140,0.0113,0.0027,300
OffNeg_NC_058371.1_113046269_113046120_Felis_catus,0.0160,0.0128,0.0032,300
OffPos_NC_058371.1_113046269_113046120_Felis_catus,0.0171,0.0128,0.0043,300
Shuf_NC_058371.1_113046269_113046120_Felis_catus,0.0148,0.0112,0.0036,300
NC_058371.1_172687847_172687745_Felis_catus,0.0179,0.0148,0.0031,253
OffNeg_NC_058371.1_172687847_172687745_Felis_catus,0.0189,0.0151,0.0037,253
OffPos_NC_058371.1_172687847_172687745_Felis_catus,0.0166,0.0120,0.0047,253
Shuf_NC_058371.1_172687847_172687745_Felis_catus,0.0186,0.0144,0.0042,253
NC_058371.1_184811454_184811280_Felis_catus,0.0170,0.0126,0.0044,325
OffNeg_NC_058371.1_184811454_184811280_Felis_catus,0.0182,0.0128,0.0054,325
OffPos_NC_058371.1_184811454_184811280_Felis_catus,0.0149,0.0111,0.0038,325
Shuf_NC_058371.1_184811454_184811280_Felis_catus,0.0191,0.0135,0.0056,325
NC_058371.1_58657020_58656939_Felis_catus,0.0171,0.0114,0.0057,232
OffNeg_NC_058371.1_58657020_58656939_Felis_catus,0.0152,0.0124,0.0028,232
OffPos_NC_058371.1_58657020_58656939_Felis_catus,0.0145,0.0115,0.0031,232
Shuf_NC_058371.1_58657020_58656939_Felis_catus,0.0179,0.0154,0.0025,232
NC_058372.1_151655498_151655579_Felis_catus,0.0142,0.0111,0.0031,232
OffNeg_NC_058372.1_151655498_151655579_Felis_catus,0.0151,0.0114,0.0037,232
OffPos_NC_058372.1_151655498_151655579_Felis_catus,0.0177,0.0130,0.0047,232
Shuf_NC_058372.1_151655498_151655579_Felis_catus,0.0144,0.0123,0.0022,232
NC_058372.1_1995251_1995369_Felis_catus,0.0136,0.0090,0.0046,269
OffNeg_NC_058372.1_1995251_1995369_Felis_catus,0.0170,0.0138,0.0033,269
OffPos_NC_058372.1_1995251_1995369_Felis_catus,0.0188,0.0160,0.0028,269
Shuf_NC_058372.1_1995251_1995369_Felis_catus,0.0142,0.0116,0.0026,269
NC_058372.1_80164392_80164275_Felis_catus,0.0165,0.0125,0.0040,268
OffNeg_NC_058372.1_80164392_80164275_Felis_catus,0.0176,0.0129,0.0048,268
OffPos_NC_058372.1_80164392_80164275_Felis_catus,0.0182,0.0129,0.0052,268
Shuf_NC_058372.1_80164392_80164275_Felis_catus,0.0176,0.0149,0.0027,268
NC_058373.1_1393053_1392945_Felis_catus,0.0189,0.0128,0.0061,259
OffNeg_NC_058373.1_1393053_1392945_Felis_catus,0.0191,0.0134,0.0057,259
OffPos_NC_058373.1_1393053_1392945_Felis_catus,0.0177,0.0138,0.0038,259
Shuf_NC_058373.1_1393053_1392945_Felis_catus,0.0180,0.0125,0.0054,259
NC_058373.1_36084935_36084838_Felis_catus,0.0173,0.0131,0.0042,248
OffNeg_NC_058373.1_36084935_36084838_Felis_catus,0.0149,0.0115,0.0034,248
OffPos_NC_058373.1_36084935_36084838_Felis_catus,0.0146,0.0116,0.0030,248
Shuf_NC_058373.1_36084935_36084838_Felis_catus,0.0168,0.0136,0.0032,248
NC_058373.1_73818294_73818015_Felis_catus,0.0153,0.0103,0.0050,430
OffNeg_NC_058373.1_73818294_73818015_Felis_catus,0.0147,0.0105,0.0041,430
OffPos_NC_058373.1_73818294_73818015_Felis_catus,0.0181,0.0147,0.0033,430
Shuf_NC_058373.1_73818294_73818015_Felis_catus,0.0159,0.0134,0.0025,430
NC_058374.1_103628592_103628739_Felis_catus,0.0145,0.0095,0.0050,298
OffNeg_NC_058374.1_103628592_103628739_Felis_catus,0.0151,0.0129,0.0023,298
OffPos_NC_058374.1_103628592_103628739_Felis_catus,0.0193,0.0166,0.0027,298
Shuf_NC_058374.1_103628592_103628739_Felis_catus,0.0152,0.0126,0.0026,298
NC_058374.1_67950828_67950947_Felis_catus,0.0148,0.0126,0.0022,270
OffNeg_NC_058374.1_67950828_67950947_Felis_catus,0.0185,0.0119,0.0066,270
OffPos_NC_058374.1_67950828_67950947_Felis_catus,0.0166,0.0117,0.0049,270
Shuf_NC_058374.1_67950828_67950947_Felis_catus,0.0164,0.0129,0.0032,270
NC_058374.1_78705628_78705997_Felis_catus,0.0180,0.0141,0.0039,520
OffNeg_NC_058374.1_78705628_78705997_Felis_catus,0.0177,0.0126,0.0052,520
OffPos_NC_058374.1_78705628_78705997_Felis_catus,0.0142,0.0101,0.0042,520
Shuf_NC_058374.1_78705628_78705997_Felis_catus,0.0186,0.0159,0.0027,520
NC_058375.1_11733098_11732912_Felis_catus,0.0158,0.0112,0.0045,337
OffNeg_NC_058375.1_11733098_11732912_Felis_catus,0.0178,0.0137,0.0041,337
OffPos_NC_058375.1_11733098_11732912_Felis_catus,0.0140,0.0118,0.0022,337
Shuf_NC_058375.1_11733098_11732912_Felis_catus,0.0191,0.0136,0.0055,337
NC_058375.1_77365515_77365426_Felis_catus,0.0179,0.0122,0.0058,240
OffNeg_NC_058375.1_77365515_77365426_Felis_catus,0.0151,0.0106,0.0045,240
OffPos_NC_058375.1_77365515_77365426_Felis_catus,0.0199,0.0148,0.0051,240
Shuf_NC_058375.1_77365515_77365426_Felis_catus,0.0172,0.0122,0.0049,240
NC_058376.1_151800662_151800767_Felis_catus,0.0144,0.0120,0.0024,256
OffNeg_NC_058376.1_151800662_151800767_Felis_catus,0.0139,0.0108,0.0030,256
OffPos_NC_058376.1_151800662_151800767_Felis_catus,0.0173,0.0152,0.0021,256
Shuf_NC_058376.1_151800662_151800767_Felis_catus,0.0151,0.0118,0.0033,256
NC_058376.1_3300723_3300867_Felis_catus,0.0133,0.0109,0.0024,295
OffNeg_NC_058376.1_3300723_3300867_Felis_catus,0.0164,0.0110,0.0054,295
OffPos_NC_058376.1_3300723_3300867_Felis_catus,0.0165,0.0109,0.0056,295
Shuf_NC_058376.1_3300723_3300867_Felis_catus,0.0143,0.0097,0.0045,295
NC_058377.1_103612669_103611721_Felis_catus,0.0175,0.0137,0.0038,1099
OffNeg_NC_058377.1_103612669_103611721_Felis_catus,0.0188,0.0142,0.0046,1099
OffPos_NC_058377.1_103612669_103611721_Felis_catus,0.0155,0.0109,0.0045,1099
Shuf_NC_058377.1_103612669_103611721_Felis_catus,0.0201,0.0150,0.0050,1099
NC_058377.1_108837965_108837814_Felis_catus,0.0186,0.0141,0.0045,302
OffNeg_NC_058377.1_108837965_108837814_Felis_catus,0.0175,0.0128,0.0047,302
OffPos_NC_058377.1_108837965_108837814_Felis_catus,0.0157,0.0115,0.0042,302
Shuf_NC_058377.1_108837965_108837814_Felis_catus,0.0178,0.0137,0.0041,302
NC_058377.1_109305745_109305865_Felis_catus,0.0172,0.0142,0.0030,271
OffNeg_NC_058377.1_109305745_109305865_Felis_catus,0.0143,0.0116,0.0027,271
OffPos_NC_058377.1_109305745_109305865_Felis_catus,0.0162,0.0131,0.0031,271
Shuf_NC_058377.1_109305745_109305865_Felis_catus,0.0173,0.0144,0.0029,271
NC_058377.1_25633978_25634182_Felis_catus,0.0143,0.0108,0.0034,355
OffNeg_NC_058377.1_25633978_25634182_Felis_catus,0.0138,0.0105,0.0033,355
OffPos_NC_058377.1_25633978_25634182_Felis_catus,0.0165,0.0125,0.0040,355
Shuf_NC_058377.1_25633978_25634182_Felis_catus,0.0152,0.0114,0.0038,355
NC_058377.1_54477174_54477318_Felis_catus,0.0140,0.0114,0.0026,295
OffNeg_NC_058377.1_54477174_54477318_Felis_catus,0.0176,0.0110,0.0066,295
OffPos_NC_058377.1_54477174_54477318_Felis_catus,0.0192,0.0126,0.0066,295
Shuf_NC_058377.1_54477174_54477318_Felis_catus,0.0145,0.0116,0.0029,295
NC_058377.1_60701145_60700182_Felis_catus,0.0154,0.0114,0.0040,1114
OffNeg_NC_058377.1_60701145_60700182_Felis_catus,0.0180,0.0139,0.0041,1114
OffPos_NC_058377.1_60701145_60700182_Felis_catus,0.0180,0.0118,0.0062,1114
Shuf_NC_058377.1_60701145_60700182_Felis_catus,0.0187,0.0140,0.0047,1114
NC_058377.1_99239659_99239810_Felis_catus,0.0172,0.0146,0.0026,302
OffNeg_NC_058377.1_99239659_99239810_Felis_catus,0.0164,0.0119,0.0045,302
OffPos_NC_058377.1_99239659_99239810_Felis_catus,0.0175,0.0140,0.0035,302
Shuf_NC_058377.1_99239659_99239810_Felis_catus,0.0195,0.0167,0.0028,302
NC_058378.1_18890239_18890449_Felis_catus,0.0168,0.0124,0.0043,361
OffNeg_NC_058378.1_18890239_18890449_Felis_catus,0.0165,0.0135,0.0030,361
OffPos_NC_058378.1_18890239_18890449_Felis_catus,0.0147,0.0107,0.0040,361
Shuf_NC_058378.1_18890239_18890449_Felis_catus,0.0184,0.0147,0.0037,361
NC_058378.1_30277566_30277678_Felis_catus,0.0171,0.0120,0.0051,263
OffNeg_NC_058378.1_30277566_30277678_Felis_catus,0.0159,0.0126,0.0034,263
OffPos_NC_058378.1_30277566_30277678_Felis_catus,0.0192,0.0160,0.0031,263
Shuf_NC_058378.1_30277566_30277678_Felis_catus,0.0151,0.0108,0.0043,263
NC_058378.1_35555744_35555933_Felis_catus,0.0140,0.0108,0.0032,340
OffNeg_NC_058378.1_35555744_35555933_Felis_catus,0.0147,0.0133,0.0015,340
OffPos_NC_058378.1_35555744_35555933_Felis_catus,0.0190,0.0145,0.0046,340
Shuf_NC_058378.1_35555744_35555933_Felis_catus,0.0152,0.0114,0.0038,340
NC_058378.1_54955060_54954864_Felis_catus,0.0134,0.0113,0.0021,347
OffNeg_NC_058378.1_54955060_54954864_Felis_catus,0.0165,0.0134,0.0031,347
OffPos_NC_058378.1_54955060_54954864_Felis_catus,0.0178,0.0143,0.0034,347
Shuf_NC_058378.1_54955060_54954864_Felis_catus,0.0189,0.0157,0.0031,347
NC_058378.1_73200491_73200621_Felis_catus,0.0178,0.0130,0.0047,281
OffNeg_NC_058378.1_73200491_73200621_Felis_catus,0.0183,0.0148,0.0035,281
OffPos_NC_058378.1_73200491_73200621_Felis_catus,0.0156,0.0133,0.0023,281
Shuf_NC_058378.1_73200491_73200621_Felis_catus,0.0186,0.0143,0.0042,281
NC_058379.1_17418763_17418926_Felis_catus,0.0193,0.0137,0.0056,314
OffNeg_NC_058379.1_17418763_17418926_Felis_catus,0.0172,0.0128,0.0045,314
OffPos_NC_058379.1_17418763_17418926_Felis_catus,0.0149,0.0113,0.0036,314
Shuf_NC_058379.1_17418763_17418926_Felis_catus,0.0179,0.0132,0.0047,314
NC_058379.1_35224252_35224105_Felis_catus,0.0179,0.0116,0.0063,298
OffNeg_NC_058379.1_35224252_35224105_Felis_catus,0.0140,0.0107,0.0033,298
OffPos_NC_058379.1_35224252_35224105_Felis_catus,0.0198,0.0139,0.0059,298
Shuf_NC_058379.1_35224252_35224105_Felis_catus,0.0149,0.0107,0.0042,298
NC_058379.1_651212_651422_Felis_catus,0.0140,0.0110,0.0030,361
OffNeg_NC_058379.1_651212_651422_Felis_catus,0.0140,0.0086,0.0054,361
OffPos_NC_058379.1_651212_651422_Felis_catus,0.0178,0.0119,0.0059,361
Shuf_NC_058379.1_651212_651422_Felis_catus,0.0147,0.0087,0.0061,361
NC_058380.1_22879077_22878976_Felis_catus,0.0151,0.0117,0.0034,252
OffNeg_NC_058380.1_22879077_22878976_Felis_catus,0.0202,0.0170,0.0031,252
OffPos_NC_058380.1_22879077_22878976_Felis_catus,0.0173,0.0118,0.0055,252
Shuf_NC_058380.1_22879077_22878976_Felis_catus,0.0183,0.0123,0.0060,252
NC_058381.1_25060815_25060982_Felis_catus,0.0167,0.0140,0.0027,318
OffNeg_NC_058381.1_25060815_25060982_Felis_catus,0.0175,0.0139,0.0036,318
OffPos_NC_058381.1_25060815_25060982_Felis_catus,0.0141,0.0102,0.0040,318
Shuf_NC_058381.1_25060815_25060982_Felis_catus,0.0172,0.0117,0.0055,318
NC_058381.1_42959876_42959748_Felis_catus,0.0178,0.0132,0.0046,279
OffNeg_NC_058381.1_42959876_42959748_Felis_catus,0.0161,0.0121,0.0040,279
OffPos_NC_058381.1_42959876_42959748_Felis_catus,0.0157,0.0119,0.0038,279
Shuf_NC_058381.1_42959876_42959748_Felis_catus,0.0179,0.0124,0.0055,279
NC_058381.1_60164808_60164920_Felis_catus,0.0191,0.0144,0.0047,263
OffNeg_NC_058381.1_60164808_60164920_Felis_catus,0.0141,0.0103,0.0038,263
OffPos_NC_058381.1_60164808_60164920_Felis_catus,0.0189,0.0142,0.0047,263
Shuf_NC_058381.1_60164808_60164920_Felis_catus,0.0148,0.0106,0.0042,263
NC_058382.1_11604984_11604830_Felis_catus,0.0185,0.0159,0.0026,305
OffNeg_NC_058382.1_11604984_11604830_Felis_catus,0.0147,0.0114,0.0033,305
OffPos_NC_058382.1_11604984_11604830_Felis_catus,0.0182,0.0139,0.0043,305
Shuf_NC_058382.1_11604984_11604830_Felis_catus,0.0145,0.0107,0.0037,305
NC_058383.1_18205704_18205512_Felis_catus,0.0144,0.0120,0.0024,343
OffNeg_NC_058383.1_18205704_18205512_Felis_catus,0.0156,0.0125,0.0031,343
OffPos_NC_058383.1_18205704_18205512_Felis_catus,0.0166,0.0124,0.0042,343
Shuf_NC_058383.1_18205704_18205512_Felis_catus,0.0157,0.0128,0.0028,343
NC_058383.1_25263853_25264062_Felis_catus,0.0170,0.0116,0.0053,360
OffNeg_NC_058383.1_25263853_25264062_Felis_catus,0.0171,0.0130,0.0040,360
OffPos_NC_058383.1_25263853_25264062_Felis_catus,0.0145,0.0115,0.0030,360
Shuf_NC_058383.1_25263853_25264062_Felis_catus,0.0200,0.0142,0.0058,360
NC_058383.1_33021097_33021251_Felis_catus,0.0180,0.0144,0.0037,305
OffNeg_NC_058383.1_33021097_33021251_Felis_catus,0.0195,0.0140,0.0054,305
OffPos_NC_058383.1_33021097_33021251_Felis_catus,0.0151,0.0123,0.0028,305
Shuf_NC_058383.1_33021097_33021251_Felis_catus,0.0183,0.0143,0.0041,305
NC_058383.1_36939665_36939516_Felis_catus,0.0179,0.0136,0.0043,300
OffNeg_NC_058383.1_36939665_36939516_Felis_catus,0.0158,0.0127,0.0031,300
OffPos_NC_058383.1_36939665_36939516_Felis_catus,0.0181,0.0136,0.0045,300
Shuf_NC_058383.1_36939665_36939516_Felis_catus,0.0164,0.0129,0.0035,300
NC_058383.1_39549713_39549887_Felis_catus,0.0162,0.0111,0.0051,325
OffNeg_NC_058383.1_39549713_39549887_Felis_catus,0.0142,0.0106,0.0036,325
OffPos_NC_058383.1_39549713_39549887_Felis_catus,0.0183,0.0149,0.0034,325
Shuf_NC_058383.1_39549713_39549887_Felis_catus,0.0157,0.0112,0.0045,325
NC_058383.1_41087595_41087478_Felis_catus,0.0134,0.0100,0.0035,268
OffNeg_NC_058383.1_41087595_41087478_Felis_catus,0.0150,0.0112,0.0038,268
OffPos_NC_058383.1_41087595_41087478_Felis_catus,0.0181,0.0127,0.0054,268
Shuf_NC_058383.1_41087595_41087478_Felis_catus,0.0154,0.0108,0.0046,268
NC_058384.1_22254774_22254603_Felis_catus,0.0144,0.0109,0.0035,322
OffNeg_NC_058384.1_22254774_22254603_Felis_catus,0.0182,0.0127,0.0056,322
OffPos_NC_058384.1_22254774_22254603_Felis_catus,0.0150,0.0107,0.0043,322
Shuf_NC_058384.1_22254774_22254603_Felis_catus,0.0192,0.0145,0.0045,322
NC_058385.1_63552579_63552488_Felis_catus,0.0172,0.0139,0.0034,242
OffNeg_NC_058385.1_63552579_63552488_Felis_catus,0.0191,0.0150,0.0040,242
OffPos_NC_058385.1_63552579_63552488_Felis_catus,0.0150,0.0111,0.0039,242
Shuf_NC_058385.1_63552579_63552488_Felis_catus,0.0182,0.0124,0.0058,242
NC_058385.1_73528337_73528499_Felis_catus,0.0209,0.0143,0.0066,313
OffNeg_NC_058385.1_73528337_73528499_Felis_catus,0.0165,0.0131,0.0034,313
OffPos_NC_058385.1_73528337_73528499_Felis_catus,0.0162,0.0123,0.0038,313
Shuf_NC_058385.1_73528337_73528499_Felis_catus,0.0157,0.0131,0.0026,313
NC_058386.1_126333243_126333483_Felis_catus,0.0159,0.0132,0.0028,391
OffNeg_NC_058386.1_126333243_126333483_Felis_catus,0.0144,0.0118,0.0026,391
OffPos_NC_058386.1_126333243_126333483_Felis_catus,0.0187,0.0130,0.0057,391
Shuf_NC_058386.1_126333243_126333483_Felis_catus,0.0145,0.0095,0.0050,391
NC_058386.1_36292414_36292523_Felis_catus,0.0135,0.0094,0.0041,260
OffNeg_NC_058386.1_36292414_36292523_Felis_catus,0.0145,0.0119,0.0027,260
OffPos_NC_058386.1_36292414_36292523_Felis_catus,0.0176,0.0132,0.0044,260
Shuf_NC_058386.1_36292414_36292523_Felis_catus,0.0153,0.0131,0.0022,260
NC_058386.1_64692436_64692304_Felis_catus,0.0145,0.0115,0.0030,283
OffNeg_NC_058386.1_64692436_64692304_Felis_catus,0.0182,0.0127,0.0055,283
OffPos_NC_058386.1_64692436_64692304_Felis_catus,0.0159,0.0116,0.0043,283
Shuf_NC_058386.1_64692436_64692304_Felis_catus,0.0202,0.0162,0.0040,283
NW_025408547.1_83397_83190_Felis_catus,0.0167,0.0096,0.0071,358
OffNeg_NW_025408547.1_83397_83190_Felis_catus,0.0179,0.0157,0.0021,358
OffPos_NW_025408547.1_83397_83190_Felis_catus,0.0149,0.0109,0.0041,358
Shuf_NW_025408547.1_83397_83190_Felis_catus,0.0171,0.0145,0.0027,358
